%HEADER
Output file created by FEMEP (version October/2021).
'File created by FEMEP program'

%HEADER.ANALYSIS
'plane_stress'

%NODE
343

%NODE.COORD
343
1 5.000000 5.000000 0.000000
2 5.500000 5.000000 0.000000
3 6.000000 5.000000 0.000000
4 6.500000 5.000000 0.000000
5 7.000000 5.000000 0.000000
6 7.500000 5.000000 0.000000
7 8.000000 5.000000 0.000000
8 8.500000 5.000000 0.000000
9 9.000000 5.000000 0.000000
10 9.500000 5.000000 0.000000
11 10.000000 5.000000 0.000000
12 5.000000 5.500000 0.000000
13 5.500000 5.500000 0.000000
14 6.000000 5.500000 0.000000
15 6.500000 5.500000 0.000000
16 7.000000 5.500000 0.000000
17 7.500000 5.500000 0.000000
18 8.000000 5.500000 0.000000
19 8.500000 5.500000 0.000000
20 9.000000 5.500000 0.000000
21 9.500000 5.500000 0.000000
22 10.000000 5.500000 0.000000
23 5.000000 6.000000 0.000000
24 5.500000 6.000000 0.000000
25 6.000000 6.000000 0.000000
26 6.500000 6.000000 0.000000
27 7.000000 6.000000 0.000000
28 7.500000 6.000000 0.000000
29 8.000000 6.000000 0.000000
30 8.500000 6.000000 0.000000
31 9.000000 6.000000 0.000000
32 9.500000 6.000000 0.000000
33 10.000000 6.000000 0.000000
34 5.000000 6.500000 0.000000
35 5.500000 6.500000 0.000000
36 6.000000 6.500000 0.000000
37 6.500000 6.500000 0.000000
38 7.000000 6.500000 0.000000
39 7.500000 6.500000 0.000000
40 8.000000 6.500000 0.000000
41 8.500000 6.500000 0.000000
42 9.000000 6.500000 0.000000
43 9.500000 6.500000 0.000000
44 10.000000 6.500000 0.000000
45 5.000000 7.000000 0.000000
46 5.500000 7.000000 0.000000
47 6.000000 7.000000 0.000000
48 6.500000 7.000000 0.000000
49 7.000000 7.000000 0.000000
50 7.500000 7.000000 0.000000
51 8.000000 7.000000 0.000000
52 8.500000 7.000000 0.000000
53 9.000000 7.000000 0.000000
54 9.500000 7.000000 0.000000
55 10.000000 7.000000 0.000000
56 5.000000 7.500000 0.000000
57 5.500000 7.500000 0.000000
58 6.000000 7.500000 0.000000
59 6.500000 7.500000 0.000000
60 7.000000 7.500000 0.000000
61 7.500000 7.500000 0.000000
62 8.000000 7.500000 0.000000
63 8.500000 7.500000 0.000000
64 9.000000 7.500000 0.000000
65 9.500000 7.500000 0.000000
66 10.000000 7.500000 0.000000
67 5.000000 8.000000 0.000000
68 5.500000 8.000000 0.000000
69 6.000000 8.000000 0.000000
70 6.500000 8.000000 0.000000
71 7.000000 8.000000 0.000000
72 7.500000 8.000000 0.000000
73 8.000000 8.000000 0.000000
74 8.500000 8.000000 0.000000
75 9.000000 8.000000 0.000000
76 9.500000 8.000000 0.000000
77 10.000000 8.000000 0.000000
78 5.000000 8.500000 0.000000
79 5.500000 8.500000 0.000000
80 6.000000 8.500000 0.000000
81 6.500000 8.500000 0.000000
82 7.000000 8.500000 0.000000
83 7.500000 8.500000 0.000000
84 8.000000 8.500000 0.000000
85 8.500000 8.500000 0.000000
86 9.000000 8.500000 0.000000
87 9.500000 8.500000 0.000000
88 10.000000 8.500000 0.000000
89 5.000000 9.000000 0.000000
90 5.500000 9.000000 0.000000
91 6.000000 9.000000 0.000000
92 6.500000 9.000000 0.000000
93 7.000000 9.000000 0.000000
94 7.500000 9.000000 0.000000
95 8.000000 9.000000 0.000000
96 8.500000 9.000000 0.000000
97 9.000000 9.000000 0.000000
98 9.500000 9.000000 0.000000
99 10.000000 9.000000 0.000000
100 5.000000 9.500000 0.000000
101 5.500000 9.500000 0.000000
102 6.000000 9.500000 0.000000
103 6.500000 9.500000 0.000000
104 7.000000 9.500000 0.000000
105 7.500000 9.500000 0.000000
106 8.000000 9.500000 0.000000
107 8.500000 9.500000 0.000000
108 9.000000 9.500000 0.000000
109 9.500000 9.500000 0.000000
110 10.000000 9.500000 0.000000
111 5.000000 10.000000 0.000000
112 5.500000 10.000000 0.000000
113 6.000000 10.000000 0.000000
114 6.500000 10.000000 0.000000
115 7.000000 10.000000 0.000000
116 7.500000 10.000000 0.000000
117 8.000000 10.000000 0.000000
118 8.500000 10.000000 0.000000
119 9.000000 10.000000 0.000000
120 9.500000 10.000000 0.000000
121 10.000000 10.000000 0.000000
122 5.000000 0.000000 0.000000
123 5.000000 0.500000 0.000000
124 5.000000 1.000000 0.000000
125 5.000000 1.500000 0.000000
126 5.000000 2.000000 0.000000
127 5.000000 2.500000 0.000000
128 5.000000 3.000000 0.000000
129 5.000000 3.500000 0.000000
130 5.000000 4.000000 0.000000
131 5.000000 4.500000 0.000000
132 4.500000 0.000000 0.000000
133 4.500000 0.500000 0.000000
134 4.500000 1.000000 0.000000
135 4.500000 1.500000 0.000000
136 4.500000 2.000000 0.000000
137 4.500000 2.500000 0.000000
138 4.500000 3.000000 0.000000
139 4.500000 3.500000 0.000000
140 4.500000 4.000000 0.000000
141 4.500000 4.500000 0.000000
142 4.500000 5.000000 0.000000
143 4.000000 0.000000 0.000000
144 4.000000 0.500000 0.000000
145 4.000000 1.000000 0.000000
146 4.000000 1.500000 0.000000
147 4.000000 2.000000 0.000000
148 4.000000 2.500000 0.000000
149 4.000000 3.000000 0.000000
150 4.000000 3.500000 0.000000
151 4.000000 4.000000 0.000000
152 4.000000 4.500000 0.000000
153 4.000000 5.000000 0.000000
154 3.500000 0.000000 0.000000
155 3.500000 0.500000 0.000000
156 3.500000 1.000000 0.000000
157 3.500000 1.500000 0.000000
158 3.500000 2.000000 0.000000
159 3.500000 2.500000 0.000000
160 3.500000 3.000000 0.000000
161 3.500000 3.500000 0.000000
162 3.500000 4.000000 0.000000
163 3.500000 4.500000 0.000000
164 3.500000 5.000000 0.000000
165 3.000000 0.000000 0.000000
166 3.000000 0.500000 0.000000
167 3.000000 1.000000 0.000000
168 3.000000 1.500000 0.000000
169 3.000000 2.000000 0.000000
170 3.000000 2.500000 0.000000
171 3.000000 3.000000 0.000000
172 3.000000 3.500000 0.000000
173 3.000000 4.000000 0.000000
174 3.000000 4.500000 0.000000
175 3.000000 5.000000 0.000000
176 2.500000 0.000000 0.000000
177 2.500000 0.500000 0.000000
178 2.500000 1.000000 0.000000
179 2.500000 1.500000 0.000000
180 2.500000 2.000000 0.000000
181 2.500000 2.500000 0.000000
182 2.500000 3.000000 0.000000
183 2.500000 3.500000 0.000000
184 2.500000 4.000000 0.000000
185 2.500000 4.500000 0.000000
186 2.500000 5.000000 0.000000
187 2.000000 0.000000 0.000000
188 2.000000 0.500000 0.000000
189 2.000000 1.000000 0.000000
190 2.000000 1.500000 0.000000
191 2.000000 2.000000 0.000000
192 2.000000 2.500000 0.000000
193 2.000000 3.000000 0.000000
194 2.000000 3.500000 0.000000
195 2.000000 4.000000 0.000000
196 2.000000 4.500000 0.000000
197 2.000000 5.000000 0.000000
198 1.500000 0.000000 0.000000
199 1.500000 0.500000 0.000000
200 1.500000 1.000000 0.000000
201 1.500000 1.500000 0.000000
202 1.500000 2.000000 0.000000
203 1.500000 2.500000 0.000000
204 1.500000 3.000000 0.000000
205 1.500000 3.500000 0.000000
206 1.500000 4.000000 0.000000
207 1.500000 4.500000 0.000000
208 1.500000 5.000000 0.000000
209 1.000000 0.000000 0.000000
210 1.000000 0.500000 0.000000
211 1.000000 1.000000 0.000000
212 1.000000 1.500000 0.000000
213 1.000000 2.000000 0.000000
214 1.000000 2.500000 0.000000
215 1.000000 3.000000 0.000000
216 1.000000 3.500000 0.000000
217 1.000000 4.000000 0.000000
218 1.000000 4.500000 0.000000
219 1.000000 5.000000 0.000000
220 0.500000 0.000000 0.000000
221 0.500000 0.500000 0.000000
222 0.500000 1.000000 0.000000
223 0.500000 1.500000 0.000000
224 0.500000 2.000000 0.000000
225 0.500000 2.500000 0.000000
226 0.500000 3.000000 0.000000
227 0.500000 3.500000 0.000000
228 0.500000 4.000000 0.000000
229 0.500000 4.500000 0.000000
230 0.500000 5.000000 0.000000
231 0.000000 0.000000 0.000000
232 0.000000 0.500000 0.000000
233 0.000000 1.000000 0.000000
234 0.000000 1.500000 0.000000
235 0.000000 2.000000 0.000000
236 0.000000 2.500000 0.000000
237 0.000000 3.000000 0.000000
238 0.000000 3.500000 0.000000
239 0.000000 4.000000 0.000000
240 0.000000 4.500000 0.000000
241 0.000000 5.000000 0.000000
242 10.000000 4.500000 0.000000
243 9.500000 4.500000 0.000000
244 9.000000 4.500000 0.000000
245 8.500000 4.500000 0.000000
246 8.000000 4.500000 0.000000
247 7.500000 4.500000 0.000000
248 7.000000 4.500000 0.000000
249 6.500000 4.500000 0.000000
250 6.000000 4.500000 0.000000
251 5.500000 4.500000 0.000000
252 10.000000 4.000000 0.000000
253 9.500000 4.000000 0.000000
254 9.000000 4.000000 0.000000
255 8.500000 4.000000 0.000000
256 8.000000 4.000000 0.000000
257 7.500000 4.000000 0.000000
258 7.000000 4.000000 0.000000
259 6.500000 4.000000 0.000000
260 6.000000 4.000000 0.000000
261 5.500000 4.000000 0.000000
262 10.000000 3.500000 0.000000
263 9.500000 3.500000 0.000000
264 9.000000 3.500000 0.000000
265 8.500000 3.500000 0.000000
266 8.000000 3.500000 0.000000
267 7.500000 3.500000 0.000000
268 7.000000 3.500000 0.000000
269 6.500000 3.500000 0.000000
270 6.000000 3.500000 0.000000
271 5.500000 3.500000 0.000000
272 10.000000 3.000000 0.000000
273 9.500000 3.000000 0.000000
274 9.000000 3.000000 0.000000
275 8.500000 3.000000 0.000000
276 8.000000 3.000000 0.000000
277 7.500000 3.000000 0.000000
278 7.000000 3.000000 0.000000
279 6.500000 3.000000 0.000000
280 6.000000 3.000000 0.000000
281 5.500000 3.000000 0.000000
282 5.000000 3.000000 0.000000
283 10.000000 2.500000 0.000000
284 9.500000 2.500000 0.000000
285 9.000000 2.500000 0.000000
286 8.500000 2.500000 0.000000
287 8.000000 2.500000 0.000000
288 7.500000 2.500000 0.000000
289 7.000000 2.500000 0.000000
290 6.500000 2.500000 0.000000
291 6.000000 2.500000 0.000000
292 5.500000 2.500000 0.000000
293 10.000000 2.000000 0.000000
294 9.500000 2.000000 0.000000
295 9.000000 2.000000 0.000000
296 8.500000 2.000000 0.000000
297 8.000000 2.000000 0.000000
298 7.500000 2.000000 0.000000
299 7.000000 2.000000 0.000000
300 6.500000 2.000000 0.000000
301 6.000000 2.000000 0.000000
302 5.500000 2.000000 0.000000
303 5.000000 2.000000 0.000000
304 10.000000 1.500000 0.000000
305 9.500000 1.500000 0.000000
306 9.000000 1.500000 0.000000
307 8.500000 1.500000 0.000000
308 8.000000 1.500000 0.000000
309 7.500000 1.500000 0.000000
310 7.000000 1.500000 0.000000
311 6.500000 1.500000 0.000000
312 6.000000 1.500000 0.000000
313 5.500000 1.500000 0.000000
314 10.000000 1.000000 0.000000
315 9.500000 1.000000 0.000000
316 9.000000 1.000000 0.000000
317 8.500000 1.000000 0.000000
318 8.000000 1.000000 0.000000
319 7.500000 1.000000 0.000000
320 7.000000 1.000000 0.000000
321 6.500000 1.000000 0.000000
322 6.000000 1.000000 0.000000
323 5.500000 1.000000 0.000000
324 10.000000 0.500000 0.000000
325 9.500000 0.500000 0.000000
326 9.000000 0.500000 0.000000
327 8.500000 0.500000 0.000000
328 8.000000 0.500000 0.000000
329 7.500000 0.500000 0.000000
330 7.000000 0.500000 0.000000
331 6.500000 0.500000 0.000000
332 6.000000 0.500000 0.000000
333 5.500000 0.500000 0.000000
334 10.000000 0.000000 0.000000
335 9.500000 0.000000 0.000000
336 9.000000 0.000000 0.000000
337 8.500000 0.000000 0.000000
338 8.000000 0.000000 0.000000
339 7.500000 0.000000 0.000000
340 7.000000 0.000000 0.000000
341 6.500000 0.000000 0.000000
342 6.000000 0.000000 0.000000
343 5.500000 0.000000 0.000000

%NODE.SUPPORT
18
132 1 1 0 0 0 0
143 1 1 0 0 0 0
154 1 1 0 0 0 0
176 1 1 0 0 0 0
187 1 1 0 0 0 0
209 1 1 0 0 0 0
220 1 1 0 0 0 0
231 1 1 0 0 0 0
334 1 1 0 0 0 0
335 1 1 0 0 0 0
336 1 1 0 0 0 0
337 1 1 0 0 0 0
338 1 1 0 0 0 0
339 1 1 0 0 0 0
340 1 1 0 0 0 0
341 1 1 0 0 0 0
342 1 1 0 0 0 0
343 1 1 0 0 0 0

%MATERIAL
1

%MATERIAL.LABEL
1
1 'M1'

%MATERIAL.ISOTROPIC
1
1 206000.0 0.300000

%THICKNESS
1
1 1.000000

%INTEGRATION.ORDER
4
1 1 1 1 1 1 1
2 3 3 1 3 3 1
3 1 1 1 1 1 1
4 2 2 1 2 2 1

%ELEMENT
300

%ELEMENT.Q4
300
1 1 1 3 1 2 13 12
2 1 1 3 2 3 14 13
3 1 1 3 3 4 15 14
4 1 1 3 4 5 16 15
5 1 1 3 5 6 17 16
6 1 1 3 6 7 18 17
7 1 1 3 7 8 19 18
8 1 1 3 8 9 20 19
9 1 1 3 9 10 21 20
10 1 1 3 10 11 22 21
11 1 1 3 12 13 24 23
12 1 1 3 13 14 25 24
13 1 1 3 14 15 26 25
14 1 1 3 15 16 27 26
15 1 1 3 16 17 28 27
16 1 1 3 17 18 29 28
17 1 1 3 18 19 30 29
18 1 1 3 19 20 31 30
19 1 1 3 20 21 32 31
20 1 1 3 21 22 33 32
21 1 1 3 23 24 35 34
22 1 1 3 24 25 36 35
23 1 1 3 25 26 37 36
24 1 1 3 26 27 38 37
25 1 1 3 27 28 39 38
26 1 1 3 28 29 40 39
27 1 1 3 29 30 41 40
28 1 1 3 30 31 42 41
29 1 1 3 31 32 43 42
30 1 1 3 32 33 44 43
31 1 1 3 34 35 46 45
32 1 1 3 35 36 47 46
33 1 1 3 36 37 48 47
34 1 1 3 37 38 49 48
35 1 1 3 38 39 50 49
36 1 1 3 39 40 51 50
37 1 1 3 40 41 52 51
38 1 1 3 41 42 53 52
39 1 1 3 42 43 54 53
40 1 1 3 43 44 55 54
41 1 1 3 45 46 57 56
42 1 1 3 46 47 58 57
43 1 1 3 47 48 59 58
44 1 1 3 48 49 60 59
45 1 1 3 49 50 61 60
46 1 1 3 50 51 62 61
47 1 1 3 51 52 63 62
48 1 1 3 52 53 64 63
49 1 1 3 53 54 65 64
50 1 1 3 54 55 66 65
51 1 1 3 56 57 68 67
52 1 1 3 57 58 69 68
53 1 1 3 58 59 70 69
54 1 1 3 59 60 71 70
55 1 1 3 60 61 72 71
56 1 1 3 61 62 73 72
57 1 1 3 62 63 74 73
58 1 1 3 63 64 75 74
59 1 1 3 64 65 76 75
60 1 1 3 65 66 77 76
61 1 1 3 67 68 79 78
62 1 1 3 68 69 80 79
63 1 1 3 69 70 81 80
64 1 1 3 70 71 82 81
65 1 1 3 71 72 83 82
66 1 1 3 72 73 84 83
67 1 1 3 73 74 85 84
68 1 1 3 74 75 86 85
69 1 1 3 75 76 87 86
70 1 1 3 76 77 88 87
71 1 1 3 78 79 90 89
72 1 1 3 79 80 91 90
73 1 1 3 80 81 92 91
74 1 1 3 81 82 93 92
75 1 1 3 82 83 94 93
76 1 1 3 83 84 95 94
77 1 1 3 84 85 96 95
78 1 1 3 85 86 97 96
79 1 1 3 86 87 98 97
80 1 1 3 87 88 99 98
81 1 1 3 89 90 101 100
82 1 1 3 90 91 102 101
83 1 1 3 91 92 103 102
84 1 1 3 92 93 104 103
85 1 1 3 93 94 105 104
86 1 1 3 94 95 106 105
87 1 1 3 95 96 107 106
88 1 1 3 96 97 108 107
89 1 1 3 97 98 109 108
90 1 1 3 98 99 110 109
91 1 1 3 100 101 112 111
92 1 1 3 101 102 113 112
93 1 1 3 102 103 114 113
94 1 1 3 103 104 115 114
95 1 1 3 104 105 116 115
96 1 1 3 105 106 117 116
97 1 1 3 106 107 118 117
98 1 1 3 107 108 119 118
99 1 1 3 108 109 120 119
100 1 1 3 109 110 121 120
101 1 1 3 122 123 133 132
102 1 1 3 123 124 134 133
103 1 1 3 124 125 135 134
104 1 1 3 125 126 136 135
105 1 1 3 126 127 137 136
106 1 1 3 127 128 138 137
107 1 1 3 128 129 139 138
108 1 1 3 129 130 140 139
109 1 1 3 130 131 141 140
110 1 1 3 131 1 142 141
111 1 1 3 132 133 144 143
112 1 1 3 133 134 145 144
113 1 1 3 134 135 146 145
114 1 1 3 135 136 147 146
115 1 1 3 136 137 148 147
116 1 1 3 137 138 149 148
117 1 1 3 138 139 150 149
118 1 1 3 139 140 151 150
119 1 1 3 140 141 152 151
120 1 1 3 141 142 153 152
121 1 1 3 143 144 155 154
122 1 1 3 144 145 156 155
123 1 1 3 145 146 157 156
124 1 1 3 146 147 158 157
125 1 1 3 147 148 159 158
126 1 1 3 148 149 160 159
127 1 1 3 149 150 161 160
128 1 1 3 150 151 162 161
129 1 1 3 151 152 163 162
130 1 1 3 152 153 164 163
131 1 1 3 154 155 166 165
132 1 1 3 155 156 167 166
133 1 1 3 156 157 168 167
134 1 1 3 157 158 169 168
135 1 1 3 158 159 170 169
136 1 1 3 159 160 171 170
137 1 1 3 160 161 172 171
138 1 1 3 161 162 173 172
139 1 1 3 162 163 174 173
140 1 1 3 163 164 175 174
141 1 1 3 165 166 177 176
142 1 1 3 166 167 178 177
143 1 1 3 167 168 179 178
144 1 1 3 168 169 180 179
145 1 1 3 169 170 181 180
146 1 1 3 170 171 182 181
147 1 1 3 171 172 183 182
148 1 1 3 172 173 184 183
149 1 1 3 173 174 185 184
150 1 1 3 174 175 186 185
151 1 1 3 176 177 188 187
152 1 1 3 177 178 189 188
153 1 1 3 178 179 190 189
154 1 1 3 179 180 191 190
155 1 1 3 180 181 192 191
156 1 1 3 181 182 193 192
157 1 1 3 182 183 194 193
158 1 1 3 183 184 195 194
159 1 1 3 184 185 196 195
160 1 1 3 185 186 197 196
161 1 1 3 187 188 199 198
162 1 1 3 188 189 200 199
163 1 1 3 189 190 201 200
164 1 1 3 190 191 202 201
165 1 1 3 191 192 203 202
166 1 1 3 192 193 204 203
167 1 1 3 193 194 205 204
168 1 1 3 194 195 206 205
169 1 1 3 195 196 207 206
170 1 1 3 196 197 208 207
171 1 1 3 198 199 210 209
172 1 1 3 199 200 211 210
173 1 1 3 200 201 212 211
174 1 1 3 201 202 213 212
175 1 1 3 202 203 214 213
176 1 1 3 203 204 215 214
177 1 1 3 204 205 216 215
178 1 1 3 205 206 217 216
179 1 1 3 206 207 218 217
180 1 1 3 207 208 219 218
181 1 1 3 209 210 221 220
182 1 1 3 210 211 222 221
183 1 1 3 211 212 223 222
184 1 1 3 212 213 224 223
185 1 1 3 213 214 225 224
186 1 1 3 214 215 226 225
187 1 1 3 215 216 227 226
188 1 1 3 216 217 228 227
189 1 1 3 217 218 229 228
190 1 1 3 218 219 230 229
191 1 1 3 220 221 232 231
192 1 1 3 221 222 233 232
193 1 1 3 222 223 234 233
194 1 1 3 223 224 235 234
195 1 1 3 224 225 236 235
196 1 1 3 225 226 237 236
197 1 1 3 226 227 238 237
198 1 1 3 227 228 239 238
199 1 1 3 228 229 240 239
200 1 1 3 229 230 241 240
201 1 1 3 11 10 243 242
202 1 1 3 10 9 244 243
203 1 1 3 9 8 245 244
204 1 1 3 8 7 246 245
205 1 1 3 7 6 247 246
206 1 1 3 6 5 248 247
207 1 1 3 5 4 249 248
208 1 1 3 4 3 250 249
209 1 1 3 3 2 251 250
210 1 1 3 2 1 131 251
211 1 1 3 242 243 253 252
212 1 1 3 243 244 254 253
213 1 1 3 244 245 255 254
214 1 1 3 245 246 256 255
215 1 1 3 246 247 257 256
216 1 1 3 247 248 258 257
217 1 1 3 248 249 259 258
218 1 1 3 249 250 260 259
219 1 1 3 250 251 261 260
220 1 1 3 251 131 130 261
221 1 1 3 252 253 263 262
222 1 1 3 253 254 264 263
223 1 1 3 254 255 265 264
224 1 1 3 255 256 266 265
225 1 1 3 256 257 267 266
226 1 1 3 257 258 268 267
227 1 1 3 258 259 269 268
228 1 1 3 259 260 270 269
229 1 1 3 260 261 271 270
230 1 1 3 261 130 129 271
231 1 1 3 262 263 273 272
232 1 1 3 263 264 274 273
233 1 1 3 264 265 275 274
234 1 1 3 265 266 276 275
235 1 1 3 266 267 277 276
236 1 1 3 267 268 278 277
237 1 1 3 268 269 279 278
238 1 1 3 269 270 280 279
239 1 1 3 270 271 281 280
240 1 1 3 271 129 282 281
241 1 1 3 272 273 284 283
242 1 1 3 273 274 285 284
243 1 1 3 274 275 286 285
244 1 1 3 275 276 287 286
245 1 1 3 276 277 288 287
246 1 1 3 277 278 289 288
247 1 1 3 278 279 290 289
248 1 1 3 279 280 291 290
249 1 1 3 280 281 292 291
250 1 1 3 281 282 127 292
251 1 1 3 283 284 294 293
252 1 1 3 284 285 295 294
253 1 1 3 285 286 296 295
254 1 1 3 286 287 297 296
255 1 1 3 287 288 298 297
256 1 1 3 288 289 299 298
257 1 1 3 289 290 300 299
258 1 1 3 290 291 301 300
259 1 1 3 291 292 302 301
260 1 1 3 292 127 303 302
261 1 1 3 293 294 305 304
262 1 1 3 294 295 306 305
263 1 1 3 295 296 307 306
264 1 1 3 296 297 308 307
265 1 1 3 297 298 309 308
266 1 1 3 298 299 310 309
267 1 1 3 299 300 311 310
268 1 1 3 300 301 312 311
269 1 1 3 301 302 313 312
270 1 1 3 302 303 125 313
271 1 1 3 304 305 315 314
272 1 1 3 305 306 316 315
273 1 1 3 306 307 317 316
274 1 1 3 307 308 318 317
275 1 1 3 308 309 319 318
276 1 1 3 309 310 320 319
277 1 1 3 310 311 321 320
278 1 1 3 311 312 322 321
279 1 1 3 312 313 323 322
280 1 1 3 313 125 124 323
281 1 1 3 314 315 325 324
282 1 1 3 315 316 326 325
283 1 1 3 316 317 327 326
284 1 1 3 317 318 328 327
285 1 1 3 318 319 329 328
286 1 1 3 319 320 330 329
287 1 1 3 320 321 331 330
288 1 1 3 321 322 332 331
289 1 1 3 322 323 333 332
290 1 1 3 323 124 123 333
291 1 1 3 324 325 335 334
292 1 1 3 325 326 336 335
293 1 1 3 326 327 337 336
294 1 1 3 327 328 338 337
295 1 1 3 328 329 339 338
296 1 1 3 329 330 340 339
297 1 1 3 330 331 341 340
298 1 1 3 331 332 342 341
299 1 1 3 332 333 343 342
300 1 1 3 333 123 122 343

%LOAD
1
1	'Load_Case_1'

%LOAD.CASE
1

%LOAD.CASE.LINE.FORCE.UNIFORM
10
91	111	112	0	0.000000	430.000000	0.000000
92	112	113	0	0.000000	430.000000	0.000000
93	113	114	0	0.000000	430.000000	0.000000
94	114	115	0	0.000000	430.000000	0.000000
95	115	116	0	0.000000	430.000000	0.000000
96	116	117	0	0.000000	430.000000	0.000000
97	117	118	0	0.000000	430.000000	0.000000
98	118	119	0	0.000000	430.000000	0.000000
99	119	120	0	0.000000	430.000000	0.000000
100	120	121	0	0.000000	430.000000	0.000000

%END