%HEADER
Output file created by FEMEP (version October/2021).
'File created by FEMEP program'

%HEADER.ANALYSIS
'plane_stress'

%NODE
289

%NODE.COORD
289
1 0.000000 44.000000 0.000000
2 0.000000 41.250000 0.000000
3 0.000000 38.500000 0.000000
4 0.000000 35.750000 0.000000
5 0.000000 33.000000 0.000000
6 0.000000 30.250000 0.000000
7 0.000000 27.500000 0.000000
8 0.000000 24.750000 0.000000
9 0.000000 22.000000 0.000000
10 0.000000 19.250000 0.000000
11 0.000000 16.500000 0.000000
12 0.000000 13.750000 0.000000
13 0.000000 11.000000 0.000000
14 0.000000 8.250000 0.000000
15 0.000000 5.500000 0.000000
16 0.000000 2.750000 0.000000
17 0.000000 0.000000 0.000000
18 3.000000 45.000000 0.000000
19 3.000000 42.359375 0.000000
20 3.000000 39.718750 0.000000
21 3.000000 37.078125 0.000000
22 3.000000 34.437500 0.000000
23 3.000000 31.796875 0.000000
24 3.000000 29.156250 0.000000
25 3.000000 26.515625 0.000000
26 3.000000 23.875000 0.000000
27 3.000000 21.234375 0.000000
28 3.000000 18.593750 0.000000
29 3.000000 15.953125 0.000000
30 3.000000 13.312500 0.000000
31 3.000000 10.671875 0.000000
32 3.000000 8.031250 0.000000
33 3.000000 5.390625 0.000000
34 3.000000 2.750000 0.000000
35 6.000000 46.000000 0.000000
36 6.000000 43.468750 0.000000
37 6.000000 40.937500 0.000000
38 6.000000 38.406250 0.000000
39 6.000000 35.875000 0.000000
40 6.000000 33.343750 0.000000
41 6.000000 30.812500 0.000000
42 6.000000 28.281250 0.000000
43 6.000000 25.750000 0.000000
44 6.000000 23.218750 0.000000
45 6.000000 20.687500 0.000000
46 6.000000 18.156250 0.000000
47 6.000000 15.625000 0.000000
48 6.000000 13.093750 0.000000
49 6.000000 10.562500 0.000000
50 6.000000 8.031250 0.000000
51 6.000000 5.500000 0.000000
52 9.000000 47.000000 0.000000
53 9.000000 44.578125 0.000000
54 9.000000 42.156250 0.000000
55 9.000000 39.734375 0.000000
56 9.000000 37.312500 0.000000
57 9.000000 34.890625 0.000000
58 9.000000 32.468750 0.000000
59 9.000000 30.046875 0.000000
60 9.000000 27.625000 0.000000
61 9.000000 25.203125 0.000000
62 9.000000 22.781250 0.000000
63 9.000000 20.359375 0.000000
64 9.000000 17.937500 0.000000
65 9.000000 15.515625 0.000000
66 9.000000 13.093750 0.000000
67 9.000000 10.671875 0.000000
68 9.000000 8.250000 0.000000
69 12.000000 48.000000 0.000000
70 12.000000 45.687500 0.000000
71 12.000000 43.375000 0.000000
72 12.000000 41.062500 0.000000
73 12.000000 38.750000 0.000000
74 12.000000 36.437500 0.000000
75 12.000000 34.125000 0.000000
76 12.000000 31.812500 0.000000
77 12.000000 29.500000 0.000000
78 12.000000 27.187500 0.000000
79 12.000000 24.875000 0.000000
80 12.000000 22.562500 0.000000
81 12.000000 20.250000 0.000000
82 12.000000 17.937500 0.000000
83 12.000000 15.625000 0.000000
84 12.000000 13.312500 0.000000
85 12.000000 11.000000 0.000000
86 15.000000 49.000000 0.000000
87 15.000000 46.796875 0.000000
88 15.000000 44.593750 0.000000
89 15.000000 42.390625 0.000000
90 15.000000 40.187500 0.000000
91 15.000000 37.984375 0.000000
92 15.000000 35.781250 0.000000
93 15.000000 33.578125 0.000000
94 15.000000 31.375000 0.000000
95 15.000000 29.171875 0.000000
96 15.000000 26.968750 0.000000
97 15.000000 24.765625 0.000000
98 15.000000 22.562500 0.000000
99 15.000000 20.359375 0.000000
100 15.000000 18.156250 0.000000
101 15.000000 15.953125 0.000000
102 15.000000 13.750000 0.000000
103 18.000000 50.000000 0.000000
104 18.000000 47.906250 0.000000
105 18.000000 45.812500 0.000000
106 18.000000 43.718750 0.000000
107 18.000000 41.625000 0.000000
108 18.000000 39.531250 0.000000
109 18.000000 37.437500 0.000000
110 18.000000 35.343750 0.000000
111 18.000000 33.250000 0.000000
112 18.000000 31.156250 0.000000
113 18.000000 29.062500 0.000000
114 18.000000 26.968750 0.000000
115 18.000000 24.875000 0.000000
116 18.000000 22.781250 0.000000
117 18.000000 20.687500 0.000000
118 18.000000 18.593750 0.000000
119 18.000000 16.500000 0.000000
120 21.000000 51.000000 0.000000
121 21.000000 49.015625 0.000000
122 21.000000 47.031250 0.000000
123 21.000000 45.046875 0.000000
124 21.000000 43.062500 0.000000
125 21.000000 41.078125 0.000000
126 21.000000 39.093750 0.000000
127 21.000000 37.109375 0.000000
128 21.000000 35.125000 0.000000
129 21.000000 33.140625 0.000000
130 21.000000 31.156250 0.000000
131 21.000000 29.171875 0.000000
132 21.000000 27.187500 0.000000
133 21.000000 25.203125 0.000000
134 21.000000 23.218750 0.000000
135 21.000000 21.234375 0.000000
136 21.000000 19.250000 0.000000
137 24.000000 52.000000 0.000000
138 24.000000 50.125000 0.000000
139 24.000000 48.250000 0.000000
140 24.000000 46.375000 0.000000
141 24.000000 44.500000 0.000000
142 24.000000 42.625000 0.000000
143 24.000000 40.750000 0.000000
144 24.000000 38.875000 0.000000
145 24.000000 37.000000 0.000000
146 24.000000 35.125000 0.000000
147 24.000000 33.250000 0.000000
148 24.000000 31.375000 0.000000
149 24.000000 29.500000 0.000000
150 24.000000 27.625000 0.000000
151 24.000000 25.750000 0.000000
152 24.000000 23.875000 0.000000
153 24.000000 22.000000 0.000000
154 27.000000 53.000000 0.000000
155 27.000000 51.234375 0.000000
156 27.000000 49.468750 0.000000
157 27.000000 47.703125 0.000000
158 27.000000 45.937500 0.000000
159 27.000000 44.171875 0.000000
160 27.000000 42.406250 0.000000
161 27.000000 40.640625 0.000000
162 27.000000 38.875000 0.000000
163 27.000000 37.109375 0.000000
164 27.000000 35.343750 0.000000
165 27.000000 33.578125 0.000000
166 27.000000 31.812500 0.000000
167 27.000000 30.046875 0.000000
168 27.000000 28.281250 0.000000
169 27.000000 26.515625 0.000000
170 27.000000 24.750000 0.000000
171 30.000000 54.000000 0.000000
172 30.000000 52.343750 0.000000
173 30.000000 50.687500 0.000000
174 30.000000 49.031250 0.000000
175 30.000000 47.375000 0.000000
176 30.000000 45.718750 0.000000
177 30.000000 44.062500 0.000000
178 30.000000 42.406250 0.000000
179 30.000000 40.750000 0.000000
180 30.000000 39.093750 0.000000
181 30.000000 37.437500 0.000000
182 30.000000 35.781250 0.000000
183 30.000000 34.125000 0.000000
184 30.000000 32.468750 0.000000
185 30.000000 30.812500 0.000000
186 30.000000 29.156250 0.000000
187 30.000000 27.500000 0.000000
188 33.000000 55.000000 0.000000
189 33.000000 53.453125 0.000000
190 33.000000 51.906250 0.000000
191 33.000000 50.359375 0.000000
192 33.000000 48.812500 0.000000
193 33.000000 47.265625 0.000000
194 33.000000 45.718750 0.000000
195 33.000000 44.171875 0.000000
196 33.000000 42.625000 0.000000
197 33.000000 41.078125 0.000000
198 33.000000 39.531250 0.000000
199 33.000000 37.984375 0.000000
200 33.000000 36.437500 0.000000
201 33.000000 34.890625 0.000000
202 33.000000 33.343750 0.000000
203 33.000000 31.796875 0.000000
204 33.000000 30.250000 0.000000
205 36.000000 56.000000 0.000000
206 36.000000 54.562500 0.000000
207 36.000000 53.125000 0.000000
208 36.000000 51.687500 0.000000
209 36.000000 50.250000 0.000000
210 36.000000 48.812500 0.000000
211 36.000000 47.375000 0.000000
212 36.000000 45.937500 0.000000
213 36.000000 44.500000 0.000000
214 36.000000 43.062500 0.000000
215 36.000000 41.625000 0.000000
216 36.000000 40.187500 0.000000
217 36.000000 38.750000 0.000000
218 36.000000 37.312500 0.000000
219 36.000000 35.875000 0.000000
220 36.000000 34.437500 0.000000
221 36.000000 33.000000 0.000000
222 39.000000 57.000000 0.000000
223 39.000000 55.671875 0.000000
224 39.000000 54.343750 0.000000
225 39.000000 53.015625 0.000000
226 39.000000 51.687500 0.000000
227 39.000000 50.359375 0.000000
228 39.000000 49.031250 0.000000
229 39.000000 47.703125 0.000000
230 39.000000 46.375000 0.000000
231 39.000000 45.046875 0.000000
232 39.000000 43.718750 0.000000
233 39.000000 42.390625 0.000000
234 39.000000 41.062500 0.000000
235 39.000000 39.734375 0.000000
236 39.000000 38.406250 0.000000
237 39.000000 37.078125 0.000000
238 39.000000 35.750000 0.000000
239 42.000000 58.000000 0.000000
240 42.000000 56.781250 0.000000
241 42.000000 55.562500 0.000000
242 42.000000 54.343750 0.000000
243 42.000000 53.125000 0.000000
244 42.000000 51.906250 0.000000
245 42.000000 50.687500 0.000000
246 42.000000 49.468750 0.000000
247 42.000000 48.250000 0.000000
248 42.000000 47.031250 0.000000
249 42.000000 45.812500 0.000000
250 42.000000 44.593750 0.000000
251 42.000000 43.375000 0.000000
252 42.000000 42.156250 0.000000
253 42.000000 40.937500 0.000000
254 42.000000 39.718750 0.000000
255 42.000000 38.500000 0.000000
256 45.000000 59.000000 0.000000
257 45.000000 57.890625 0.000000
258 45.000000 56.781250 0.000000
259 45.000000 55.671875 0.000000
260 45.000000 54.562500 0.000000
261 45.000000 53.453125 0.000000
262 45.000000 52.343750 0.000000
263 45.000000 51.234375 0.000000
264 45.000000 50.125000 0.000000
265 45.000000 49.015625 0.000000
266 45.000000 47.906250 0.000000
267 45.000000 46.796875 0.000000
268 45.000000 45.687500 0.000000
269 45.000000 44.578125 0.000000
270 45.000000 43.468750 0.000000
271 45.000000 42.359375 0.000000
272 45.000000 41.250000 0.000000
273 48.000000 60.000000 0.000000
274 48.000000 59.000000 0.000000
275 48.000000 58.000000 0.000000
276 48.000000 57.000000 0.000000
277 48.000000 56.000000 0.000000
278 48.000000 55.000000 0.000000
279 48.000000 54.000000 0.000000
280 48.000000 53.000000 0.000000
281 48.000000 52.000000 0.000000
282 48.000000 51.000000 0.000000
283 48.000000 50.000000 0.000000
284 48.000000 49.000000 0.000000
285 48.000000 48.000000 0.000000
286 48.000000 47.000000 0.000000
287 48.000000 46.000000 0.000000
288 48.000000 45.000000 0.000000
289 48.000000 44.000000 0.000000

%NODE.SUPPORT
17
1 1 1 0 0 0 0
2 1 1 0 0 0 0
3 1 1 0 0 0 0
4 1 1 0 0 0 0
5 1 1 0 0 0 0
6 1 1 0 0 0 0
7 1 1 0 0 0 0
8 1 1 0 0 0 0
9 1 1 0 0 0 0
10 1 1 0 0 0 0
11 1 1 0 0 0 0
12 1 1 0 0 0 0
13 1 1 0 0 0 0
14 1 1 0 0 0 0
15 1 1 0 0 0 0
16 1 1 0 0 0 0
17 1 1 0 0 0 0

%MATERIAL
1

%MATERIAL.LABEL
1
1 'M1'

%MATERIAL.ISOTROPIC
1
1 206000.0 0.300000

%THICKNESS
1
1 1.000000

%INTEGRATION.ORDER
4
1 1 1 1 1 1 1
2 3 3 1 3 3 1
3 1 1 1 1 1 1
4 2 2 1 2 2 1

%ELEMENT
256

%ELEMENT.Q4
256
1 1 1 3 1 2 19 18
2 1 1 3 2 3 20 19
3 1 1 3 3 4 21 20
4 1 1 3 4 5 22 21
5 1 1 3 5 6 23 22
6 1 1 3 6 7 24 23
7 1 1 3 7 8 25 24
8 1 1 3 8 9 26 25
9 1 1 3 9 10 27 26
10 1 1 3 10 11 28 27
11 1 1 3 11 12 29 28
12 1 1 3 12 13 30 29
13 1 1 3 13 14 31 30
14 1 1 3 14 15 32 31
15 1 1 3 15 16 33 32
16 1 1 3 16 17 34 33
17 1 1 3 18 19 36 35
18 1 1 3 19 20 37 36
19 1 1 3 20 21 38 37
20 1 1 3 21 22 39 38
21 1 1 3 22 23 40 39
22 1 1 3 23 24 41 40
23 1 1 3 24 25 42 41
24 1 1 3 25 26 43 42
25 1 1 3 26 27 44 43
26 1 1 3 27 28 45 44
27 1 1 3 28 29 46 45
28 1 1 3 29 30 47 46
29 1 1 3 30 31 48 47
30 1 1 3 31 32 49 48
31 1 1 3 32 33 50 49
32 1 1 3 33 34 51 50
33 1 1 3 35 36 53 52
34 1 1 3 36 37 54 53
35 1 1 3 37 38 55 54
36 1 1 3 38 39 56 55
37 1 1 3 39 40 57 56
38 1 1 3 40 41 58 57
39 1 1 3 41 42 59 58
40 1 1 3 42 43 60 59
41 1 1 3 43 44 61 60
42 1 1 3 44 45 62 61
43 1 1 3 45 46 63 62
44 1 1 3 46 47 64 63
45 1 1 3 47 48 65 64
46 1 1 3 48 49 66 65
47 1 1 3 49 50 67 66
48 1 1 3 50 51 68 67
49 1 1 3 52 53 70 69
50 1 1 3 53 54 71 70
51 1 1 3 54 55 72 71
52 1 1 3 55 56 73 72
53 1 1 3 56 57 74 73
54 1 1 3 57 58 75 74
55 1 1 3 58 59 76 75
56 1 1 3 59 60 77 76
57 1 1 3 60 61 78 77
58 1 1 3 61 62 79 78
59 1 1 3 62 63 80 79
60 1 1 3 63 64 81 80
61 1 1 3 64 65 82 81
62 1 1 3 65 66 83 82
63 1 1 3 66 67 84 83
64 1 1 3 67 68 85 84
65 1 1 3 69 70 87 86
66 1 1 3 70 71 88 87
67 1 1 3 71 72 89 88
68 1 1 3 72 73 90 89
69 1 1 3 73 74 91 90
70 1 1 3 74 75 92 91
71 1 1 3 75 76 93 92
72 1 1 3 76 77 94 93
73 1 1 3 77 78 95 94
74 1 1 3 78 79 96 95
75 1 1 3 79 80 97 96
76 1 1 3 80 81 98 97
77 1 1 3 81 82 99 98
78 1 1 3 82 83 100 99
79 1 1 3 83 84 101 100
80 1 1 3 84 85 102 101
81 1 1 3 86 87 104 103
82 1 1 3 87 88 105 104
83 1 1 3 88 89 106 105
84 1 1 3 89 90 107 106
85 1 1 3 90 91 108 107
86 1 1 3 91 92 109 108
87 1 1 3 92 93 110 109
88 1 1 3 93 94 111 110
89 1 1 3 94 95 112 111
90 1 1 3 95 96 113 112
91 1 1 3 96 97 114 113
92 1 1 3 97 98 115 114
93 1 1 3 98 99 116 115
94 1 1 3 99 100 117 116
95 1 1 3 100 101 118 117
96 1 1 3 101 102 119 118
97 1 1 3 103 104 121 120
98 1 1 3 104 105 122 121
99 1 1 3 105 106 123 122
100 1 1 3 106 107 124 123
101 1 1 3 107 108 125 124
102 1 1 3 108 109 126 125
103 1 1 3 109 110 127 126
104 1 1 3 110 111 128 127
105 1 1 3 111 112 129 128
106 1 1 3 112 113 130 129
107 1 1 3 113 114 131 130
108 1 1 3 114 115 132 131
109 1 1 3 115 116 133 132
110 1 1 3 116 117 134 133
111 1 1 3 117 118 135 134
112 1 1 3 118 119 136 135
113 1 1 3 120 121 138 137
114 1 1 3 121 122 139 138
115 1 1 3 122 123 140 139
116 1 1 3 123 124 141 140
117 1 1 3 124 125 142 141
118 1 1 3 125 126 143 142
119 1 1 3 126 127 144 143
120 1 1 3 127 128 145 144
121 1 1 3 128 129 146 145
122 1 1 3 129 130 147 146
123 1 1 3 130 131 148 147
124 1 1 3 131 132 149 148
125 1 1 3 132 133 150 149
126 1 1 3 133 134 151 150
127 1 1 3 134 135 152 151
128 1 1 3 135 136 153 152
129 1 1 3 137 138 155 154
130 1 1 3 138 139 156 155
131 1 1 3 139 140 157 156
132 1 1 3 140 141 158 157
133 1 1 3 141 142 159 158
134 1 1 3 142 143 160 159
135 1 1 3 143 144 161 160
136 1 1 3 144 145 162 161
137 1 1 3 145 146 163 162
138 1 1 3 146 147 164 163
139 1 1 3 147 148 165 164
140 1 1 3 148 149 166 165
141 1 1 3 149 150 167 166
142 1 1 3 150 151 168 167
143 1 1 3 151 152 169 168
144 1 1 3 152 153 170 169
145 1 1 3 154 155 172 171
146 1 1 3 155 156 173 172
147 1 1 3 156 157 174 173
148 1 1 3 157 158 175 174
149 1 1 3 158 159 176 175
150 1 1 3 159 160 177 176
151 1 1 3 160 161 178 177
152 1 1 3 161 162 179 178
153 1 1 3 162 163 180 179
154 1 1 3 163 164 181 180
155 1 1 3 164 165 182 181
156 1 1 3 165 166 183 182
157 1 1 3 166 167 184 183
158 1 1 3 167 168 185 184
159 1 1 3 168 169 186 185
160 1 1 3 169 170 187 186
161 1 1 3 171 172 189 188
162 1 1 3 172 173 190 189
163 1 1 3 173 174 191 190
164 1 1 3 174 175 192 191
165 1 1 3 175 176 193 192
166 1 1 3 176 177 194 193
167 1 1 3 177 178 195 194
168 1 1 3 178 179 196 195
169 1 1 3 179 180 197 196
170 1 1 3 180 181 198 197
171 1 1 3 181 182 199 198
172 1 1 3 182 183 200 199
173 1 1 3 183 184 201 200
174 1 1 3 184 185 202 201
175 1 1 3 185 186 203 202
176 1 1 3 186 187 204 203
177 1 1 3 188 189 206 205
178 1 1 3 189 190 207 206
179 1 1 3 190 191 208 207
180 1 1 3 191 192 209 208
181 1 1 3 192 193 210 209
182 1 1 3 193 194 211 210
183 1 1 3 194 195 212 211
184 1 1 3 195 196 213 212
185 1 1 3 196 197 214 213
186 1 1 3 197 198 215 214
187 1 1 3 198 199 216 215
188 1 1 3 199 200 217 216
189 1 1 3 200 201 218 217
190 1 1 3 201 202 219 218
191 1 1 3 202 203 220 219
192 1 1 3 203 204 221 220
193 1 1 3 205 206 223 222
194 1 1 3 206 207 224 223
195 1 1 3 207 208 225 224
196 1 1 3 208 209 226 225
197 1 1 3 209 210 227 226
198 1 1 3 210 211 228 227
199 1 1 3 211 212 229 228
200 1 1 3 212 213 230 229
201 1 1 3 213 214 231 230
202 1 1 3 214 215 232 231
203 1 1 3 215 216 233 232
204 1 1 3 216 217 234 233
205 1 1 3 217 218 235 234
206 1 1 3 218 219 236 235
207 1 1 3 219 220 237 236
208 1 1 3 220 221 238 237
209 1 1 3 222 223 240 239
210 1 1 3 223 224 241 240
211 1 1 3 224 225 242 241
212 1 1 3 225 226 243 242
213 1 1 3 226 227 244 243
214 1 1 3 227 228 245 244
215 1 1 3 228 229 246 245
216 1 1 3 229 230 247 246
217 1 1 3 230 231 248 247
218 1 1 3 231 232 249 248
219 1 1 3 232 233 250 249
220 1 1 3 233 234 251 250
221 1 1 3 234 235 252 251
222 1 1 3 235 236 253 252
223 1 1 3 236 237 254 253
224 1 1 3 237 238 255 254
225 1 1 3 239 240 257 256
226 1 1 3 240 241 258 257
227 1 1 3 241 242 259 258
228 1 1 3 242 243 260 259
229 1 1 3 243 244 261 260
230 1 1 3 244 245 262 261
231 1 1 3 245 246 263 262
232 1 1 3 246 247 264 263
233 1 1 3 247 248 265 264
234 1 1 3 248 249 266 265
235 1 1 3 249 250 267 266
236 1 1 3 250 251 268 267
237 1 1 3 251 252 269 268
238 1 1 3 252 253 270 269
239 1 1 3 253 254 271 270
240 1 1 3 254 255 272 271
241 1 1 3 256 257 274 273
242 1 1 3 257 258 275 274
243 1 1 3 258 259 276 275
244 1 1 3 259 260 277 276
245 1 1 3 260 261 278 277
246 1 1 3 261 262 279 278
247 1 1 3 262 263 280 279
248 1 1 3 263 264 281 280
249 1 1 3 264 265 282 281
250 1 1 3 265 266 283 282
251 1 1 3 266 267 284 283
252 1 1 3 267 268 285 284
253 1 1 3 268 269 286 285
254 1 1 3 269 270 287 286
255 1 1 3 270 271 288 287
256 1 1 3 271 272 289 288

%LOAD
1
1	'Load_Case_1'

%LOAD.CASE
1

%LOAD.CASE.LINE.FORCE.UNIFORM
16
241	273	274	0	0.000000	150.000000	0.000000
242	274	275	0	0.000000	150.000000	0.000000
243	275	276	0	0.000000	150.000000	0.000000
244	276	277	0	0.000000	150.000000	0.000000
245	277	278	0	0.000000	150.000000	0.000000
246	278	279	0	0.000000	150.000000	0.000000
247	279	280	0	0.000000	150.000000	0.000000
248	280	281	0	0.000000	150.000000	0.000000
249	281	282	0	0.000000	150.000000	0.000000
250	282	283	0	0.000000	150.000000	0.000000
251	283	284	0	0.000000	150.000000	0.000000
252	284	285	0	0.000000	150.000000	0.000000
253	285	286	0	0.000000	150.000000	0.000000
254	286	287	0	0.000000	150.000000	0.000000
255	287	288	0	0.000000	150.000000	0.000000
256	288	289	0	0.000000	150.000000	0.000000

%END