%HEADER
Output file created by FEMEP (version October/2021).
'File created by FEMEP program'

%HEADER.ANALYSIS
'plane_stress'

%NODE
121

%NODE.COORD
121
1 0.000000 10.000000 0.000000
2 0.000000 9.000000 0.000000
3 0.000000 8.000000 0.000000
4 0.000000 7.000000 0.000000
5 0.000000 6.000000 0.000000
6 0.000000 5.000000 0.000000
7 0.000000 4.000000 0.000000
8 0.000000 3.000000 0.000000
9 0.000000 2.000000 0.000000
10 0.000000 1.000000 0.000000
11 0.000000 0.000000 0.000000
12 1.000000 10.000000 0.000000
13 1.000000 9.000000 0.000000
14 1.000000 8.000000 0.000000
15 1.000000 7.000000 0.000000
16 1.000000 6.000000 0.000000
17 1.000000 5.000000 0.000000
18 1.000000 4.000000 0.000000
19 1.000000 3.000000 0.000000
20 1.000000 2.000000 0.000000
21 1.000000 1.000000 0.000000
22 1.000000 0.000000 0.000000
23 2.000000 10.000000 0.000000
24 2.000000 9.000000 0.000000
25 2.000000 8.000000 0.000000
26 2.000000 7.000000 0.000000
27 2.000000 6.000000 0.000000
28 2.000000 5.000000 0.000000
29 2.000000 4.000000 0.000000
30 2.000000 3.000000 0.000000
31 2.000000 2.000000 0.000000
32 2.000000 1.000000 0.000000
33 2.000000 0.000000 0.000000
34 3.000000 10.000000 0.000000
35 3.000000 9.000000 0.000000
36 3.000000 8.000000 0.000000
37 3.000000 7.000000 0.000000
38 3.000000 6.000000 0.000000
39 3.000000 5.000000 0.000000
40 3.000000 4.000000 0.000000
41 3.000000 3.000000 0.000000
42 3.000000 2.000000 0.000000
43 3.000000 1.000000 0.000000
44 3.000000 0.000000 0.000000
45 4.000000 10.000000 0.000000
46 4.000000 9.000000 0.000000
47 4.000000 8.000000 0.000000
48 4.000000 7.000000 0.000000
49 4.000000 6.000000 0.000000
50 4.000000 5.000000 0.000000
51 4.000000 4.000000 0.000000
52 4.000000 3.000000 0.000000
53 4.000000 2.000000 0.000000
54 4.000000 1.000000 0.000000
55 4.000000 0.000000 0.000000
56 5.000000 10.000000 0.000000
57 5.000000 9.000000 0.000000
58 5.000000 8.000000 0.000000
59 5.000000 7.000000 0.000000
60 5.000000 6.000000 0.000000
61 5.000000 5.000000 0.000000
62 5.000000 4.000000 0.000000
63 5.000000 3.000000 0.000000
64 5.000000 2.000000 0.000000
65 5.000000 1.000000 0.000000
66 5.000000 0.000000 0.000000
67 6.000000 10.000000 0.000000
68 6.000000 9.000000 0.000000
69 6.000000 8.000000 0.000000
70 6.000000 7.000000 0.000000
71 6.000000 6.000000 0.000000
72 6.000000 5.000000 0.000000
73 6.000000 4.000000 0.000000
74 6.000000 3.000000 0.000000
75 6.000000 2.000000 0.000000
76 6.000000 1.000000 0.000000
77 6.000000 0.000000 0.000000
78 7.000000 10.000000 0.000000
79 7.000000 9.000000 0.000000
80 7.000000 8.000000 0.000000
81 7.000000 7.000000 0.000000
82 7.000000 6.000000 0.000000
83 7.000000 5.000000 0.000000
84 7.000000 4.000000 0.000000
85 7.000000 3.000000 0.000000
86 7.000000 2.000000 0.000000
87 7.000000 1.000000 0.000000
88 7.000000 0.000000 0.000000
89 8.000000 10.000000 0.000000
90 8.000000 9.000000 0.000000
91 8.000000 8.000000 0.000000
92 8.000000 7.000000 0.000000
93 8.000000 6.000000 0.000000
94 8.000000 5.000000 0.000000
95 8.000000 4.000000 0.000000
96 8.000000 3.000000 0.000000
97 8.000000 2.000000 0.000000
98 8.000000 1.000000 0.000000
99 8.000000 0.000000 0.000000
100 9.000000 10.000000 0.000000
101 9.000000 9.000000 0.000000
102 9.000000 8.000000 0.000000
103 9.000000 7.000000 0.000000
104 9.000000 6.000000 0.000000
105 9.000000 5.000000 0.000000
106 9.000000 4.000000 0.000000
107 9.000000 3.000000 0.000000
108 9.000000 2.000000 0.000000
109 9.000000 1.000000 0.000000
110 9.000000 0.000000 0.000000
111 10.000000 10.000000 0.000000
112 10.000000 9.000000 0.000000
113 10.000000 8.000000 0.000000
114 10.000000 7.000000 0.000000
115 10.000000 6.000000 0.000000
116 10.000000 5.000000 0.000000
117 10.000000 4.000000 0.000000
118 10.000000 3.000000 0.000000
119 10.000000 2.000000 0.000000
120 10.000000 1.000000 0.000000
121 10.000000 0.000000 0.000000

%NODE.SUPPORT
10
1 1 1 0 0 0 0
2 1 1 0 0 0 0
3 1 1 0 0 0 0
5 1 1 0 0 0 0
6 1 1 0 0 0 0
7 1 1 0 0 0 0
8 1 1 0 0 0 0
9 1 1 0 0 0 0
10 1 1 0 0 0 0
11 1 1 0 0 0 0

%MATERIAL
1

%MATERIAL.LABEL
1
1 'M1'

%MATERIAL.ISOTROPIC
1
1 206000.0 0.300000

%THICKNESS
1
1 1.000000

%INTEGRATION.ORDER
4
1 1 1 1 1 1 1
2 3 3 1 3 3 1
3 2 2 1 2 2 1
4 2 2 1 2 2 1

%ELEMENT
100

%ELEMENT.Q4
100
1 1 1 3 1 2 13 12
2 1 1 3 2 3 14 13
3 1 1 3 3 4 15 14
4 1 1 3 4 5 16 15
5 1 1 3 5 6 17 16
6 1 1 3 6 7 18 17
7 1 1 3 7 8 19 18
8 1 1 3 8 9 20 19
9 1 1 3 9 10 21 20
10 1 1 3 10 11 22 21
11 1 1 3 12 13 24 23
12 1 1 3 13 14 25 24
13 1 1 3 14 15 26 25
14 1 1 3 15 16 27 26
15 1 1 3 16 17 28 27
16 1 1 3 17 18 29 28
17 1 1 3 18 19 30 29
18 1 1 3 19 20 31 30
19 1 1 3 20 21 32 31
20 1 1 3 21 22 33 32
21 1 1 3 23 24 35 34
22 1 1 3 24 25 36 35
23 1 1 3 25 26 37 36
24 1 1 3 26 27 38 37
25 1 1 3 27 28 39 38
26 1 1 3 28 29 40 39
27 1 1 3 29 30 41 40
28 1 1 3 30 31 42 41
29 1 1 3 31 32 43 42
30 1 1 3 32 33 44 43
31 1 1 3 34 35 46 45
32 1 1 3 35 36 47 46
33 1 1 3 36 37 48 47
34 1 1 3 37 38 49 48
35 1 1 3 38 39 50 49
36 1 1 3 39 40 51 50
37 1 1 3 40 41 52 51
38 1 1 3 41 42 53 52
39 1 1 3 42 43 54 53
40 1 1 3 43 44 55 54
41 1 1 3 45 46 57 56
42 1 1 3 46 47 58 57
43 1 1 3 47 48 59 58
44 1 1 3 48 49 60 59
45 1 1 3 49 50 61 60
46 1 1 3 50 51 62 61
47 1 1 3 51 52 63 62
48 1 1 3 52 53 64 63
49 1 1 3 53 54 65 64
50 1 1 3 54 55 66 65
51 1 1 3 56 57 68 67
52 1 1 3 57 58 69 68
53 1 1 3 58 59 70 69
54 1 1 3 59 60 71 70
55 1 1 3 60 61 72 71
56 1 1 3 61 62 73 72
57 1 1 3 62 63 74 73
58 1 1 3 63 64 75 74
59 1 1 3 64 65 76 75
60 1 1 3 65 66 77 76
61 1 1 3 67 68 79 78
62 1 1 3 68 69 80 79
63 1 1 3 69 70 81 80
64 1 1 3 70 71 82 81
65 1 1 3 71 72 83 82
66 1 1 3 72 73 84 83
67 1 1 3 73 74 85 84
68 1 1 3 74 75 86 85
69 1 1 3 75 76 87 86
70 1 1 3 76 77 88 87
71 1 1 3 78 79 90 89
72 1 1 3 79 80 91 90
73 1 1 3 80 81 92 91
74 1 1 3 81 82 93 92
75 1 1 3 82 83 94 93
76 1 1 3 83 84 95 94
77 1 1 3 84 85 96 95
78 1 1 3 85 86 97 96
79 1 1 3 86 87 98 97
80 1 1 3 87 88 99 98
81 1 1 3 89 90 101 100
82 1 1 3 90 91 102 101
83 1 1 3 91 92 103 102
84 1 1 3 92 93 104 103
85 1 1 3 93 94 105 104
86 1 1 3 94 95 106 105
87 1 1 3 95 96 107 106
88 1 1 3 96 97 108 107
89 1 1 3 97 98 109 108
90 1 1 3 98 99 110 109
91 1 1 3 100 101 112 111
92 1 1 3 101 102 113 112
93 1 1 3 102 103 114 113
94 1 1 3 103 104 115 114
95 1 1 3 104 105 116 115
96 1 1 3 105 106 117 116
97 1 1 3 106 107 118 117
98 1 1 3 107 108 119 118
99 1 1 3 108 109 120 119
100 1 1 3 109 110 121 120

%LOAD
1
1	'Load_Case_1'

%LOAD.CASE
1

%LOAD.CASE.LINE.FORCE.UNIFORM
10
91	111	112	0	340.000000	0.000000	0.000000
92	112	113	0	340.000000	0.000000	0.000000
93	113	114	0	340.000000	0.000000	0.000000
94	114	115	0	340.000000	0.000000	0.000000
95	115	116	0	340.000000	0.000000	0.000000
96	116	117	0	340.000000	0.000000	0.000000
97	117	118	0	340.000000	0.000000	0.000000
98	118	119	0	340.000000	0.000000	0.000000
99	119	120	0	340.000000	0.000000	0.000000
100	120	121	0	340.000000	0.000000	0.000000

%END