%HEADER
Output file created by FEMEP (version October/2021).
'File created by FEMEP program'

%HEADER.ANALYSIS
'plane_stress'

%NODE
750

%NODE.COORD
750
1 5.000000 5.000000 0.000000
2 5.333333 5.000000 0.000000
3 5.666667 5.000000 0.000000
4 6.000000 5.000000 0.000000
5 6.333333 5.000000 0.000000
6 6.666667 5.000000 0.000000
7 7.000000 5.000000 0.000000
8 7.333333 5.000000 0.000000
9 7.666667 5.000000 0.000000
10 8.000000 5.000000 0.000000
11 8.333333 5.000000 0.000000
12 8.666667 5.000000 0.000000
13 9.000000 5.000000 0.000000
14 9.333333 5.000000 0.000000
15 9.666667 5.000000 0.000000
16 10.000000 5.000000 0.000000
17 5.000000 5.333333 0.000000
18 5.333333 5.333333 0.000000
19 5.666667 5.333333 0.000000
20 6.000000 5.333333 0.000000
21 6.333333 5.333333 0.000000
22 6.666667 5.333333 0.000000
23 7.000000 5.333333 0.000000
24 7.333333 5.333333 0.000000
25 7.666667 5.333333 0.000000
26 8.000000 5.333333 0.000000
27 8.333333 5.333333 0.000000
28 8.666667 5.333333 0.000000
29 9.000000 5.333333 0.000000
30 9.333333 5.333333 0.000000
31 9.666667 5.333333 0.000000
32 10.000000 5.333333 0.000000
33 5.000000 5.666667 0.000000
34 5.333333 5.666667 0.000000
35 5.666667 5.666667 0.000000
36 6.000000 5.666667 0.000000
37 6.333333 5.666667 0.000000
38 6.666667 5.666667 0.000000
39 7.000000 5.666667 0.000000
40 7.333333 5.666667 0.000000
41 7.666667 5.666667 0.000000
42 8.000000 5.666667 0.000000
43 8.333333 5.666667 0.000000
44 8.666667 5.666667 0.000000
45 9.000000 5.666667 0.000000
46 9.333333 5.666667 0.000000
47 9.666667 5.666667 0.000000
48 10.000000 5.666667 0.000000
49 5.000000 6.000000 0.000000
50 5.333333 6.000000 0.000000
51 5.666667 6.000000 0.000000
52 6.000000 6.000000 0.000000
53 6.333333 6.000000 0.000000
54 6.666667 6.000000 0.000000
55 7.000000 6.000000 0.000000
56 7.333333 6.000000 0.000000
57 7.666667 6.000000 0.000000
58 8.000000 6.000000 0.000000
59 8.333333 6.000000 0.000000
60 8.666667 6.000000 0.000000
61 9.000000 6.000000 0.000000
62 9.333333 6.000000 0.000000
63 9.666667 6.000000 0.000000
64 10.000000 6.000000 0.000000
65 5.000000 6.333333 0.000000
66 5.333333 6.333333 0.000000
67 5.666667 6.333333 0.000000
68 6.000000 6.333333 0.000000
69 6.333333 6.333333 0.000000
70 6.666667 6.333333 0.000000
71 7.000000 6.333333 0.000000
72 7.333333 6.333333 0.000000
73 7.666667 6.333333 0.000000
74 8.000000 6.333333 0.000000
75 8.333333 6.333333 0.000000
76 8.666667 6.333333 0.000000
77 9.000000 6.333333 0.000000
78 9.333333 6.333333 0.000000
79 9.666667 6.333333 0.000000
80 10.000000 6.333333 0.000000
81 5.000000 6.666667 0.000000
82 5.333333 6.666667 0.000000
83 5.666667 6.666667 0.000000
84 6.000000 6.666667 0.000000
85 6.333333 6.666667 0.000000
86 6.666667 6.666667 0.000000
87 7.000000 6.666667 0.000000
88 7.333333 6.666667 0.000000
89 7.666667 6.666667 0.000000
90 8.000000 6.666667 0.000000
91 8.333333 6.666667 0.000000
92 8.666667 6.666667 0.000000
93 9.000000 6.666667 0.000000
94 9.333333 6.666667 0.000000
95 9.666667 6.666667 0.000000
96 10.000000 6.666667 0.000000
97 5.000000 7.000000 0.000000
98 5.333333 7.000000 0.000000
99 5.666667 7.000000 0.000000
100 6.000000 7.000000 0.000000
101 6.333333 7.000000 0.000000
102 6.666667 7.000000 0.000000
103 7.000000 7.000000 0.000000
104 7.333333 7.000000 0.000000
105 7.666667 7.000000 0.000000
106 8.000000 7.000000 0.000000
107 8.333333 7.000000 0.000000
108 8.666667 7.000000 0.000000
109 9.000000 7.000000 0.000000
110 9.333333 7.000000 0.000000
111 9.666667 7.000000 0.000000
112 10.000000 7.000000 0.000000
113 5.000000 7.333333 0.000000
114 5.333333 7.333333 0.000000
115 5.666667 7.333333 0.000000
116 6.000000 7.333333 0.000000
117 6.333333 7.333333 0.000000
118 6.666667 7.333333 0.000000
119 7.000000 7.333333 0.000000
120 7.333333 7.333333 0.000000
121 7.666667 7.333333 0.000000
122 8.000000 7.333333 0.000000
123 8.333333 7.333333 0.000000
124 8.666667 7.333333 0.000000
125 9.000000 7.333333 0.000000
126 9.333333 7.333333 0.000000
127 9.666667 7.333333 0.000000
128 10.000000 7.333333 0.000000
129 5.000000 7.666667 0.000000
130 5.333333 7.666667 0.000000
131 5.666667 7.666667 0.000000
132 6.000000 7.666667 0.000000
133 6.333333 7.666667 0.000000
134 6.666667 7.666667 0.000000
135 7.000000 7.666667 0.000000
136 7.333333 7.666667 0.000000
137 7.666667 7.666667 0.000000
138 8.000000 7.666667 0.000000
139 8.333333 7.666667 0.000000
140 8.666667 7.666667 0.000000
141 9.000000 7.666667 0.000000
142 9.333333 7.666667 0.000000
143 9.666667 7.666667 0.000000
144 10.000000 7.666667 0.000000
145 5.000000 8.000000 0.000000
146 5.333333 8.000000 0.000000
147 5.666667 8.000000 0.000000
148 6.000000 8.000000 0.000000
149 6.333333 8.000000 0.000000
150 6.666667 8.000000 0.000000
151 7.000000 8.000000 0.000000
152 7.333333 8.000000 0.000000
153 7.666667 8.000000 0.000000
154 8.000000 8.000000 0.000000
155 8.333333 8.000000 0.000000
156 8.666667 8.000000 0.000000
157 9.000000 8.000000 0.000000
158 9.333333 8.000000 0.000000
159 9.666667 8.000000 0.000000
160 10.000000 8.000000 0.000000
161 5.000000 8.333333 0.000000
162 5.333333 8.333333 0.000000
163 5.666667 8.333333 0.000000
164 6.000000 8.333333 0.000000
165 6.333333 8.333333 0.000000
166 6.666667 8.333333 0.000000
167 7.000000 8.333333 0.000000
168 7.333333 8.333333 0.000000
169 7.666667 8.333333 0.000000
170 8.000000 8.333333 0.000000
171 8.333333 8.333333 0.000000
172 8.666667 8.333333 0.000000
173 9.000000 8.333333 0.000000
174 9.333333 8.333333 0.000000
175 9.666667 8.333333 0.000000
176 10.000000 8.333333 0.000000
177 5.000000 8.666667 0.000000
178 5.333333 8.666667 0.000000
179 5.666667 8.666667 0.000000
180 6.000000 8.666667 0.000000
181 6.333333 8.666667 0.000000
182 6.666667 8.666667 0.000000
183 7.000000 8.666667 0.000000
184 7.333333 8.666667 0.000000
185 7.666667 8.666667 0.000000
186 8.000000 8.666667 0.000000
187 8.333333 8.666667 0.000000
188 8.666667 8.666667 0.000000
189 9.000000 8.666667 0.000000
190 9.333333 8.666667 0.000000
191 9.666667 8.666667 0.000000
192 10.000000 8.666667 0.000000
193 5.000000 9.000000 0.000000
194 5.333333 9.000000 0.000000
195 5.666667 9.000000 0.000000
196 6.000000 9.000000 0.000000
197 6.333333 9.000000 0.000000
198 6.666667 9.000000 0.000000
199 7.000000 9.000000 0.000000
200 7.333333 9.000000 0.000000
201 7.666667 9.000000 0.000000
202 8.000000 9.000000 0.000000
203 8.333333 9.000000 0.000000
204 8.666667 9.000000 0.000000
205 9.000000 9.000000 0.000000
206 9.333333 9.000000 0.000000
207 9.666667 9.000000 0.000000
208 10.000000 9.000000 0.000000
209 5.000000 9.333333 0.000000
210 5.333333 9.333333 0.000000
211 5.666667 9.333333 0.000000
212 6.000000 9.333333 0.000000
213 6.333333 9.333333 0.000000
214 6.666667 9.333333 0.000000
215 7.000000 9.333333 0.000000
216 7.333333 9.333333 0.000000
217 7.666667 9.333333 0.000000
218 8.000000 9.333333 0.000000
219 8.333333 9.333333 0.000000
220 8.666667 9.333333 0.000000
221 9.000000 9.333333 0.000000
222 9.333333 9.333333 0.000000
223 9.666667 9.333333 0.000000
224 10.000000 9.333333 0.000000
225 5.000000 9.666667 0.000000
226 5.333333 9.666667 0.000000
227 5.666667 9.666667 0.000000
228 6.000000 9.666667 0.000000
229 6.333333 9.666667 0.000000
230 6.666667 9.666667 0.000000
231 7.000000 9.666667 0.000000
232 7.333333 9.666667 0.000000
233 7.666667 9.666667 0.000000
234 8.000000 9.666667 0.000000
235 8.333333 9.666667 0.000000
236 8.666667 9.666667 0.000000
237 9.000000 9.666667 0.000000
238 9.333333 9.666667 0.000000
239 9.666667 9.666667 0.000000
240 10.000000 9.666667 0.000000
241 5.000000 10.000000 0.000000
242 5.333333 10.000000 0.000000
243 5.666667 10.000000 0.000000
244 6.000000 10.000000 0.000000
245 6.333333 10.000000 0.000000
246 6.666667 10.000000 0.000000
247 7.000000 10.000000 0.000000
248 7.333333 10.000000 0.000000
249 7.666667 10.000000 0.000000
250 8.000000 10.000000 0.000000
251 8.333333 10.000000 0.000000
252 8.666667 10.000000 0.000000
253 9.000000 10.000000 0.000000
254 9.333333 10.000000 0.000000
255 9.666667 10.000000 0.000000
256 10.000000 10.000000 0.000000
257 5.000000 0.000000 0.000000
258 5.000000 0.333333 0.000000
259 5.000000 0.666667 0.000000
260 5.000000 1.000000 0.000000
261 5.000000 1.333333 0.000000
262 5.000000 1.666667 0.000000
263 5.000000 2.000000 0.000000
264 5.000000 2.333333 0.000000
265 5.000000 2.666667 0.000000
266 5.000000 3.000000 0.000000
267 5.000000 3.333333 0.000000
268 5.000000 3.666667 0.000000
269 5.000000 4.000000 0.000000
270 5.000000 4.333333 0.000000
271 5.000000 4.666667 0.000000
272 4.666667 0.000000 0.000000
273 4.666667 0.333333 0.000000
274 4.666667 0.666667 0.000000
275 4.666667 1.000000 0.000000
276 4.666667 1.333333 0.000000
277 4.666667 1.666667 0.000000
278 4.666667 2.000000 0.000000
279 4.666667 2.333333 0.000000
280 4.666667 2.666667 0.000000
281 4.666667 3.000000 0.000000
282 4.666667 3.333333 0.000000
283 4.666667 3.666667 0.000000
284 4.666667 4.000000 0.000000
285 4.666667 4.333333 0.000000
286 4.666667 4.666667 0.000000
287 4.666667 5.000000 0.000000
288 4.333333 0.000000 0.000000
289 4.333333 0.333333 0.000000
290 4.333333 0.666667 0.000000
291 4.333333 1.000000 0.000000
292 4.333333 1.333333 0.000000
293 4.333333 1.666667 0.000000
294 4.333333 2.000000 0.000000
295 4.333333 2.333333 0.000000
296 4.333333 2.666667 0.000000
297 4.333333 3.000000 0.000000
298 4.333333 3.333333 0.000000
299 4.333333 3.666667 0.000000
300 4.333333 4.000000 0.000000
301 4.333333 4.333333 0.000000
302 4.333333 4.666667 0.000000
303 4.333333 5.000000 0.000000
304 4.000000 0.000000 0.000000
305 4.000000 0.333333 0.000000
306 4.000000 0.666667 0.000000
307 4.000000 1.000000 0.000000
308 4.000000 1.333333 0.000000
309 4.000000 1.666667 0.000000
310 4.000000 2.000000 0.000000
311 4.000000 2.333333 0.000000
312 4.000000 2.666667 0.000000
313 4.000000 3.000000 0.000000
314 4.000000 3.333333 0.000000
315 4.000000 3.666667 0.000000
316 4.000000 4.000000 0.000000
317 4.000000 4.333333 0.000000
318 4.000000 4.666667 0.000000
319 4.000000 5.000000 0.000000
320 3.666667 0.000000 0.000000
321 3.666667 0.333333 0.000000
322 3.666667 0.666667 0.000000
323 3.666667 1.000000 0.000000
324 3.666667 1.333333 0.000000
325 3.666667 1.666667 0.000000
326 3.666667 2.000000 0.000000
327 3.666667 2.333333 0.000000
328 3.666667 2.666667 0.000000
329 3.666667 3.000000 0.000000
330 3.666667 3.333333 0.000000
331 3.666667 3.666667 0.000000
332 3.666667 4.000000 0.000000
333 3.666667 4.333333 0.000000
334 3.666667 4.666667 0.000000
335 3.666667 5.000000 0.000000
336 3.333333 0.000000 0.000000
337 3.333333 0.333333 0.000000
338 3.333333 0.666667 0.000000
339 3.333333 1.000000 0.000000
340 3.333333 1.333333 0.000000
341 3.333333 1.666667 0.000000
342 3.333333 2.000000 0.000000
343 3.333333 2.333333 0.000000
344 3.333333 2.666667 0.000000
345 3.333333 3.000000 0.000000
346 3.333333 3.333333 0.000000
347 3.333333 3.666667 0.000000
348 3.333333 4.000000 0.000000
349 3.333333 4.333333 0.000000
350 3.333333 4.666667 0.000000
351 3.333333 5.000000 0.000000
352 3.000000 0.000000 0.000000
353 3.000000 0.333333 0.000000
354 3.000000 0.666667 0.000000
355 3.000000 1.000000 0.000000
356 3.000000 1.333333 0.000000
357 3.000000 1.666667 0.000000
358 3.000000 2.000000 0.000000
359 3.000000 2.333333 0.000000
360 3.000000 2.666667 0.000000
361 3.000000 3.000000 0.000000
362 3.000000 3.333333 0.000000
363 3.000000 3.666667 0.000000
364 3.000000 4.000000 0.000000
365 3.000000 4.333333 0.000000
366 3.000000 4.666667 0.000000
367 3.000000 5.000000 0.000000
368 2.666667 0.000000 0.000000
369 2.666667 0.333333 0.000000
370 2.666667 0.666667 0.000000
371 2.666667 1.000000 0.000000
372 2.666667 1.333333 0.000000
373 2.666667 1.666667 0.000000
374 2.666667 2.000000 0.000000
375 2.666667 2.333333 0.000000
376 2.666667 2.666667 0.000000
377 2.666667 3.000000 0.000000
378 2.666667 3.333333 0.000000
379 2.666667 3.666667 0.000000
380 2.666667 4.000000 0.000000
381 2.666667 4.333333 0.000000
382 2.666667 4.666667 0.000000
383 2.666667 5.000000 0.000000
384 2.333333 0.000000 0.000000
385 2.333333 0.333333 0.000000
386 2.333333 0.666667 0.000000
387 2.333333 1.000000 0.000000
388 2.333333 1.333333 0.000000
389 2.333333 1.666667 0.000000
390 2.333333 2.000000 0.000000
391 2.333333 2.333333 0.000000
392 2.333333 2.666667 0.000000
393 2.333333 3.000000 0.000000
394 2.333333 3.333333 0.000000
395 2.333333 3.666667 0.000000
396 2.333333 4.000000 0.000000
397 2.333333 4.333333 0.000000
398 2.333333 4.666667 0.000000
399 2.333333 5.000000 0.000000
400 2.000000 0.000000 0.000000
401 2.000000 0.333333 0.000000
402 2.000000 0.666667 0.000000
403 2.000000 1.000000 0.000000
404 2.000000 1.333333 0.000000
405 2.000000 1.666667 0.000000
406 2.000000 2.000000 0.000000
407 2.000000 2.333333 0.000000
408 2.000000 2.666667 0.000000
409 2.000000 3.000000 0.000000
410 2.000000 3.333333 0.000000
411 2.000000 3.666667 0.000000
412 2.000000 4.000000 0.000000
413 2.000000 4.333333 0.000000
414 2.000000 4.666667 0.000000
415 2.000000 5.000000 0.000000
416 1.666667 0.000000 0.000000
417 1.666667 0.333333 0.000000
418 1.666667 0.666667 0.000000
419 1.666667 1.000000 0.000000
420 1.666667 1.333333 0.000000
421 1.666667 1.666667 0.000000
422 1.666667 2.000000 0.000000
423 1.666667 2.333333 0.000000
424 1.666667 2.666667 0.000000
425 1.666667 3.000000 0.000000
426 1.666667 3.333333 0.000000
427 1.666667 3.666667 0.000000
428 1.666667 4.000000 0.000000
429 1.666667 4.333333 0.000000
430 1.666667 4.666667 0.000000
431 1.666667 5.000000 0.000000
432 1.333333 0.000000 0.000000
433 1.333333 0.333333 0.000000
434 1.333333 0.666667 0.000000
435 1.333333 1.000000 0.000000
436 1.333333 1.333333 0.000000
437 1.333333 1.666667 0.000000
438 1.333333 2.000000 0.000000
439 1.333333 2.333333 0.000000
440 1.333333 2.666667 0.000000
441 1.333333 3.000000 0.000000
442 1.333333 3.333333 0.000000
443 1.333333 3.666667 0.000000
444 1.333333 4.000000 0.000000
445 1.333333 4.333333 0.000000
446 1.333333 4.666667 0.000000
447 1.333333 5.000000 0.000000
448 1.000000 0.000000 0.000000
449 1.000000 0.333333 0.000000
450 1.000000 0.666667 0.000000
451 1.000000 1.000000 0.000000
452 1.000000 1.333333 0.000000
453 1.000000 1.666667 0.000000
454 1.000000 2.000000 0.000000
455 1.000000 2.333333 0.000000
456 1.000000 2.666667 0.000000
457 1.000000 3.000000 0.000000
458 1.000000 3.333333 0.000000
459 1.000000 3.666667 0.000000
460 1.000000 4.000000 0.000000
461 1.000000 4.333333 0.000000
462 1.000000 4.666667 0.000000
463 1.000000 5.000000 0.000000
464 0.666667 0.000000 0.000000
465 0.666667 0.333333 0.000000
466 0.666667 0.666667 0.000000
467 0.666667 1.000000 0.000000
468 0.666667 1.333333 0.000000
469 0.666667 1.666667 0.000000
470 0.666667 2.000000 0.000000
471 0.666667 2.333333 0.000000
472 0.666667 2.666667 0.000000
473 0.666667 3.000000 0.000000
474 0.666667 3.333333 0.000000
475 0.666667 3.666667 0.000000
476 0.666667 4.000000 0.000000
477 0.666667 4.333333 0.000000
478 0.666667 4.666667 0.000000
479 0.666667 5.000000 0.000000
480 0.333333 0.000000 0.000000
481 0.333333 0.333333 0.000000
482 0.333333 0.666667 0.000000
483 0.333333 1.000000 0.000000
484 0.333333 1.333333 0.000000
485 0.333333 1.666667 0.000000
486 0.333333 2.000000 0.000000
487 0.333333 2.333333 0.000000
488 0.333333 2.666667 0.000000
489 0.333333 3.000000 0.000000
490 0.333333 3.333333 0.000000
491 0.333333 3.666667 0.000000
492 0.333333 4.000000 0.000000
493 0.333333 4.333333 0.000000
494 0.333333 4.666667 0.000000
495 0.333333 5.000000 0.000000
496 0.000000 0.000000 0.000000
497 0.000000 0.333333 0.000000
498 0.000000 0.666667 0.000000
499 0.000000 1.000000 0.000000
500 0.000000 1.333333 0.000000
501 0.000000 1.666667 0.000000
502 0.000000 2.000000 0.000000
503 0.000000 2.333333 0.000000
504 0.000000 2.666667 0.000000
505 0.000000 3.000000 0.000000
506 0.000000 3.333333 0.000000
507 0.000000 3.666667 0.000000
508 0.000000 4.000000 0.000000
509 0.000000 4.333333 0.000000
510 0.000000 4.666667 0.000000
511 0.000000 5.000000 0.000000
512 9.666667 5.000000 0.000000
513 9.333333 5.000000 0.000000
514 8.333333 5.000000 0.000000
515 5.666667 5.000000 0.000000
516 5.333333 5.000000 0.000000
517 10.000000 4.666667 0.000000
518 9.666667 4.666667 0.000000
519 9.333333 4.666667 0.000000
520 9.000000 4.666667 0.000000
521 8.666667 4.666667 0.000000
522 8.333333 4.666667 0.000000
523 8.000000 4.666667 0.000000
524 7.666667 4.666667 0.000000
525 7.333333 4.666667 0.000000
526 7.000000 4.666667 0.000000
527 6.666667 4.666667 0.000000
528 6.333333 4.666667 0.000000
529 6.000000 4.666667 0.000000
530 5.666667 4.666667 0.000000
531 5.333333 4.666667 0.000000
532 5.000000 4.666667 0.000000
533 10.000000 4.333333 0.000000
534 9.666667 4.333333 0.000000
535 9.333333 4.333333 0.000000
536 9.000000 4.333333 0.000000
537 8.666667 4.333333 0.000000
538 8.333333 4.333333 0.000000
539 8.000000 4.333333 0.000000
540 7.666667 4.333333 0.000000
541 7.333333 4.333333 0.000000
542 7.000000 4.333333 0.000000
543 6.666667 4.333333 0.000000
544 6.333333 4.333333 0.000000
545 6.000000 4.333333 0.000000
546 5.666667 4.333333 0.000000
547 5.333333 4.333333 0.000000
548 5.000000 4.333333 0.000000
549 10.000000 4.000000 0.000000
550 9.666667 4.000000 0.000000
551 9.333333 4.000000 0.000000
552 9.000000 4.000000 0.000000
553 8.666667 4.000000 0.000000
554 8.333333 4.000000 0.000000
555 8.000000 4.000000 0.000000
556 7.666667 4.000000 0.000000
557 7.333333 4.000000 0.000000
558 7.000000 4.000000 0.000000
559 6.666667 4.000000 0.000000
560 6.333333 4.000000 0.000000
561 6.000000 4.000000 0.000000
562 5.666667 4.000000 0.000000
563 5.333333 4.000000 0.000000
564 10.000000 3.666667 0.000000
565 9.666667 3.666667 0.000000
566 9.333333 3.666667 0.000000
567 9.000000 3.666667 0.000000
568 8.666667 3.666667 0.000000
569 8.333333 3.666667 0.000000
570 8.000000 3.666667 0.000000
571 7.666667 3.666667 0.000000
572 7.333333 3.666667 0.000000
573 7.000000 3.666667 0.000000
574 6.666667 3.666667 0.000000
575 6.333333 3.666667 0.000000
576 6.000000 3.666667 0.000000
577 5.666667 3.666667 0.000000
578 5.333333 3.666667 0.000000
579 5.000000 3.666667 0.000000
580 10.000000 3.333333 0.000000
581 9.666667 3.333333 0.000000
582 9.333333 3.333333 0.000000
583 9.000000 3.333333 0.000000
584 8.666667 3.333333 0.000000
585 8.333333 3.333333 0.000000
586 8.000000 3.333333 0.000000
587 7.666667 3.333333 0.000000
588 7.333333 3.333333 0.000000
589 7.000000 3.333333 0.000000
590 6.666667 3.333333 0.000000
591 6.333333 3.333333 0.000000
592 6.000000 3.333333 0.000000
593 5.666667 3.333333 0.000000
594 5.333333 3.333333 0.000000
595 5.000000 3.333333 0.000000
596 10.000000 3.000000 0.000000
597 9.666667 3.000000 0.000000
598 9.333333 3.000000 0.000000
599 9.000000 3.000000 0.000000
600 8.666667 3.000000 0.000000
601 8.333333 3.000000 0.000000
602 8.000000 3.000000 0.000000
603 7.666667 3.000000 0.000000
604 7.333333 3.000000 0.000000
605 7.000000 3.000000 0.000000
606 6.666667 3.000000 0.000000
607 6.333333 3.000000 0.000000
608 6.000000 3.000000 0.000000
609 5.666667 3.000000 0.000000
610 5.333333 3.000000 0.000000
611 10.000000 2.666667 0.000000
612 9.666667 2.666667 0.000000
613 9.333333 2.666667 0.000000
614 9.000000 2.666667 0.000000
615 8.666667 2.666667 0.000000
616 8.333333 2.666667 0.000000
617 8.000000 2.666667 0.000000
618 7.666667 2.666667 0.000000
619 7.333333 2.666667 0.000000
620 7.000000 2.666667 0.000000
621 6.666667 2.666667 0.000000
622 6.333333 2.666667 0.000000
623 6.000000 2.666667 0.000000
624 5.666667 2.666667 0.000000
625 5.333333 2.666667 0.000000
626 5.000000 2.666667 0.000000
627 10.000000 2.333333 0.000000
628 9.666667 2.333333 0.000000
629 9.333333 2.333333 0.000000
630 9.000000 2.333333 0.000000
631 8.666667 2.333333 0.000000
632 8.333333 2.333333 0.000000
633 8.000000 2.333333 0.000000
634 7.666667 2.333333 0.000000
635 7.333333 2.333333 0.000000
636 7.000000 2.333333 0.000000
637 6.666667 2.333333 0.000000
638 6.333333 2.333333 0.000000
639 6.000000 2.333333 0.000000
640 5.666667 2.333333 0.000000
641 5.333333 2.333333 0.000000
642 5.000000 2.333333 0.000000
643 10.000000 2.000000 0.000000
644 9.666667 2.000000 0.000000
645 9.333333 2.000000 0.000000
646 9.000000 2.000000 0.000000
647 8.666667 2.000000 0.000000
648 8.333333 2.000000 0.000000
649 8.000000 2.000000 0.000000
650 7.666667 2.000000 0.000000
651 7.333333 2.000000 0.000000
652 7.000000 2.000000 0.000000
653 6.666667 2.000000 0.000000
654 6.333333 2.000000 0.000000
655 6.000000 2.000000 0.000000
656 5.666667 2.000000 0.000000
657 5.333333 2.000000 0.000000
658 10.000000 1.666667 0.000000
659 9.666667 1.666667 0.000000
660 9.333333 1.666667 0.000000
661 9.000000 1.666667 0.000000
662 8.666667 1.666667 0.000000
663 8.333333 1.666667 0.000000
664 8.000000 1.666667 0.000000
665 7.666667 1.666667 0.000000
666 7.333333 1.666667 0.000000
667 7.000000 1.666667 0.000000
668 6.666667 1.666667 0.000000
669 6.333333 1.666667 0.000000
670 6.000000 1.666667 0.000000
671 5.666667 1.666667 0.000000
672 5.333333 1.666667 0.000000
673 5.000000 1.666667 0.000000
674 10.000000 1.333333 0.000000
675 9.666667 1.333333 0.000000
676 9.333333 1.333333 0.000000
677 9.000000 1.333333 0.000000
678 8.666667 1.333333 0.000000
679 8.333333 1.333333 0.000000
680 8.000000 1.333333 0.000000
681 7.666667 1.333333 0.000000
682 7.333333 1.333333 0.000000
683 7.000000 1.333333 0.000000
684 6.666667 1.333333 0.000000
685 6.333333 1.333333 0.000000
686 6.000000 1.333333 0.000000
687 5.666667 1.333333 0.000000
688 5.333333 1.333333 0.000000
689 10.000000 1.000000 0.000000
690 9.666667 1.000000 0.000000
691 9.333333 1.000000 0.000000
692 9.000000 1.000000 0.000000
693 8.666667 1.000000 0.000000
694 8.333333 1.000000 0.000000
695 8.000000 1.000000 0.000000
696 7.666667 1.000000 0.000000
697 7.333333 1.000000 0.000000
698 7.000000 1.000000 0.000000
699 6.666667 1.000000 0.000000
700 6.333333 1.000000 0.000000
701 6.000000 1.000000 0.000000
702 5.666667 1.000000 0.000000
703 5.333333 1.000000 0.000000
704 5.000000 1.000000 0.000000
705 10.000000 0.666667 0.000000
706 9.666667 0.666667 0.000000
707 9.333333 0.666667 0.000000
708 9.000000 0.666667 0.000000
709 8.666667 0.666667 0.000000
710 8.333333 0.666667 0.000000
711 8.000000 0.666667 0.000000
712 7.666667 0.666667 0.000000
713 7.333333 0.666667 0.000000
714 7.000000 0.666667 0.000000
715 6.666667 0.666667 0.000000
716 6.333333 0.666667 0.000000
717 6.000000 0.666667 0.000000
718 5.666667 0.666667 0.000000
719 5.333333 0.666667 0.000000
720 10.000000 0.333333 0.000000
721 9.666667 0.333333 0.000000
722 9.333333 0.333333 0.000000
723 9.000000 0.333333 0.000000
724 8.666667 0.333333 0.000000
725 8.333333 0.333333 0.000000
726 8.000000 0.333333 0.000000
727 7.666667 0.333333 0.000000
728 7.333333 0.333333 0.000000
729 7.000000 0.333333 0.000000
730 6.666667 0.333333 0.000000
731 6.333333 0.333333 0.000000
732 6.000000 0.333333 0.000000
733 5.666667 0.333333 0.000000
734 5.333333 0.333333 0.000000
735 5.000000 0.333333 0.000000
736 10.000000 0.000000 0.000000
737 9.666667 0.000000 0.000000
738 9.333333 0.000000 0.000000
739 9.000000 0.000000 0.000000
740 8.666667 0.000000 0.000000
741 8.333333 0.000000 0.000000
742 8.000000 0.000000 0.000000
743 7.666667 0.000000 0.000000
744 7.333333 0.000000 0.000000
745 7.000000 0.000000 0.000000
746 6.666667 0.000000 0.000000
747 6.333333 0.000000 0.000000
748 6.000000 0.000000 0.000000
749 5.666667 0.000000 0.000000
750 5.333333 0.000000 0.000000

%NODE.SUPPORT
20
272 1 1 0 0 0 0
304 1 1 0 0 0 0
320 1 1 0 0 0 0
352 1 1 0 0 0 0
400 1 1 0 0 0 0
432 1 1 0 0 0 0
448 1 1 0 0 0 0
480 1 1 0 0 0 0
496 1 1 0 0 0 0
736 1 1 0 0 0 0
737 1 1 0 0 0 0
739 1 1 0 0 0 0
740 1 1 0 0 0 0
742 1 1 0 0 0 0
743 1 1 0 0 0 0
744 1 1 0 0 0 0
745 1 1 0 0 0 0
747 1 1 0 0 0 0
748 1 1 0 0 0 0
749 1 1 0 0 0 0

%MATERIAL
1

%MATERIAL.LABEL
1
1 'M1'

%MATERIAL.ISOTROPIC
1
1 206000.0 0.300000

%THICKNESS
1
1 1.000000

%INTEGRATION.ORDER
4
1 1 1 1 1 1 1
2 3 3 1 3 3 1
3 1 1 1 1 1 1
4 2 2 1 2 2 1

%ELEMENT
675

%ELEMENT.Q4
675
1 1 1 3 1 2 18 17
2 1 1 3 2 3 19 18
3 1 1 3 3 4 20 19
4 1 1 3 4 5 21 20
5 1 1 3 5 6 22 21
6 1 1 3 6 7 23 22
7 1 1 3 7 8 24 23
8 1 1 3 8 9 25 24
9 1 1 3 9 10 26 25
10 1 1 3 10 11 27 26
11 1 1 3 11 12 28 27
12 1 1 3 12 13 29 28
13 1 1 3 13 14 30 29
14 1 1 3 14 15 31 30
15 1 1 3 15 16 32 31
16 1 1 3 17 18 34 33
17 1 1 3 18 19 35 34
18 1 1 3 19 20 36 35
19 1 1 3 20 21 37 36
20 1 1 3 21 22 38 37
21 1 1 3 22 23 39 38
22 1 1 3 23 24 40 39
23 1 1 3 24 25 41 40
24 1 1 3 25 26 42 41
25 1 1 3 26 27 43 42
26 1 1 3 27 28 44 43
27 1 1 3 28 29 45 44
28 1 1 3 29 30 46 45
29 1 1 3 30 31 47 46
30 1 1 3 31 32 48 47
31 1 1 3 33 34 50 49
32 1 1 3 34 35 51 50
33 1 1 3 35 36 52 51
34 1 1 3 36 37 53 52
35 1 1 3 37 38 54 53
36 1 1 3 38 39 55 54
37 1 1 3 39 40 56 55
38 1 1 3 40 41 57 56
39 1 1 3 41 42 58 57
40 1 1 3 42 43 59 58
41 1 1 3 43 44 60 59
42 1 1 3 44 45 61 60
43 1 1 3 45 46 62 61
44 1 1 3 46 47 63 62
45 1 1 3 47 48 64 63
46 1 1 3 49 50 66 65
47 1 1 3 50 51 67 66
48 1 1 3 51 52 68 67
49 1 1 3 52 53 69 68
50 1 1 3 53 54 70 69
51 1 1 3 54 55 71 70
52 1 1 3 55 56 72 71
53 1 1 3 56 57 73 72
54 1 1 3 57 58 74 73
55 1 1 3 58 59 75 74
56 1 1 3 59 60 76 75
57 1 1 3 60 61 77 76
58 1 1 3 61 62 78 77
59 1 1 3 62 63 79 78
60 1 1 3 63 64 80 79
61 1 1 3 65 66 82 81
62 1 1 3 66 67 83 82
63 1 1 3 67 68 84 83
64 1 1 3 68 69 85 84
65 1 1 3 69 70 86 85
66 1 1 3 70 71 87 86
67 1 1 3 71 72 88 87
68 1 1 3 72 73 89 88
69 1 1 3 73 74 90 89
70 1 1 3 74 75 91 90
71 1 1 3 75 76 92 91
72 1 1 3 76 77 93 92
73 1 1 3 77 78 94 93
74 1 1 3 78 79 95 94
75 1 1 3 79 80 96 95
76 1 1 3 81 82 98 97
77 1 1 3 82 83 99 98
78 1 1 3 83 84 100 99
79 1 1 3 84 85 101 100
80 1 1 3 85 86 102 101
81 1 1 3 86 87 103 102
82 1 1 3 87 88 104 103
83 1 1 3 88 89 105 104
84 1 1 3 89 90 106 105
85 1 1 3 90 91 107 106
86 1 1 3 91 92 108 107
87 1 1 3 92 93 109 108
88 1 1 3 93 94 110 109
89 1 1 3 94 95 111 110
90 1 1 3 95 96 112 111
91 1 1 3 97 98 114 113
92 1 1 3 98 99 115 114
93 1 1 3 99 100 116 115
94 1 1 3 100 101 117 116
95 1 1 3 101 102 118 117
96 1 1 3 102 103 119 118
97 1 1 3 103 104 120 119
98 1 1 3 104 105 121 120
99 1 1 3 105 106 122 121
100 1 1 3 106 107 123 122
101 1 1 3 107 108 124 123
102 1 1 3 108 109 125 124
103 1 1 3 109 110 126 125
104 1 1 3 110 111 127 126
105 1 1 3 111 112 128 127
106 1 1 3 113 114 130 129
107 1 1 3 114 115 131 130
108 1 1 3 115 116 132 131
109 1 1 3 116 117 133 132
110 1 1 3 117 118 134 133
111 1 1 3 118 119 135 134
112 1 1 3 119 120 136 135
113 1 1 3 120 121 137 136
114 1 1 3 121 122 138 137
115 1 1 3 122 123 139 138
116 1 1 3 123 124 140 139
117 1 1 3 124 125 141 140
118 1 1 3 125 126 142 141
119 1 1 3 126 127 143 142
120 1 1 3 127 128 144 143
121 1 1 3 129 130 146 145
122 1 1 3 130 131 147 146
123 1 1 3 131 132 148 147
124 1 1 3 132 133 149 148
125 1 1 3 133 134 150 149
126 1 1 3 134 135 151 150
127 1 1 3 135 136 152 151
128 1 1 3 136 137 153 152
129 1 1 3 137 138 154 153
130 1 1 3 138 139 155 154
131 1 1 3 139 140 156 155
132 1 1 3 140 141 157 156
133 1 1 3 141 142 158 157
134 1 1 3 142 143 159 158
135 1 1 3 143 144 160 159
136 1 1 3 145 146 162 161
137 1 1 3 146 147 163 162
138 1 1 3 147 148 164 163
139 1 1 3 148 149 165 164
140 1 1 3 149 150 166 165
141 1 1 3 150 151 167 166
142 1 1 3 151 152 168 167
143 1 1 3 152 153 169 168
144 1 1 3 153 154 170 169
145 1 1 3 154 155 171 170
146 1 1 3 155 156 172 171
147 1 1 3 156 157 173 172
148 1 1 3 157 158 174 173
149 1 1 3 158 159 175 174
150 1 1 3 159 160 176 175
151 1 1 3 161 162 178 177
152 1 1 3 162 163 179 178
153 1 1 3 163 164 180 179
154 1 1 3 164 165 181 180
155 1 1 3 165 166 182 181
156 1 1 3 166 167 183 182
157 1 1 3 167 168 184 183
158 1 1 3 168 169 185 184
159 1 1 3 169 170 186 185
160 1 1 3 170 171 187 186
161 1 1 3 171 172 188 187
162 1 1 3 172 173 189 188
163 1 1 3 173 174 190 189
164 1 1 3 174 175 191 190
165 1 1 3 175 176 192 191
166 1 1 3 177 178 194 193
167 1 1 3 178 179 195 194
168 1 1 3 179 180 196 195
169 1 1 3 180 181 197 196
170 1 1 3 181 182 198 197
171 1 1 3 182 183 199 198
172 1 1 3 183 184 200 199
173 1 1 3 184 185 201 200
174 1 1 3 185 186 202 201
175 1 1 3 186 187 203 202
176 1 1 3 187 188 204 203
177 1 1 3 188 189 205 204
178 1 1 3 189 190 206 205
179 1 1 3 190 191 207 206
180 1 1 3 191 192 208 207
181 1 1 3 193 194 210 209
182 1 1 3 194 195 211 210
183 1 1 3 195 196 212 211
184 1 1 3 196 197 213 212
185 1 1 3 197 198 214 213
186 1 1 3 198 199 215 214
187 1 1 3 199 200 216 215
188 1 1 3 200 201 217 216
189 1 1 3 201 202 218 217
190 1 1 3 202 203 219 218
191 1 1 3 203 204 220 219
192 1 1 3 204 205 221 220
193 1 1 3 205 206 222 221
194 1 1 3 206 207 223 222
195 1 1 3 207 208 224 223
196 1 1 3 209 210 226 225
197 1 1 3 210 211 227 226
198 1 1 3 211 212 228 227
199 1 1 3 212 213 229 228
200 1 1 3 213 214 230 229
201 1 1 3 214 215 231 230
202 1 1 3 215 216 232 231
203 1 1 3 216 217 233 232
204 1 1 3 217 218 234 233
205 1 1 3 218 219 235 234
206 1 1 3 219 220 236 235
207 1 1 3 220 221 237 236
208 1 1 3 221 222 238 237
209 1 1 3 222 223 239 238
210 1 1 3 223 224 240 239
211 1 1 3 225 226 242 241
212 1 1 3 226 227 243 242
213 1 1 3 227 228 244 243
214 1 1 3 228 229 245 244
215 1 1 3 229 230 246 245
216 1 1 3 230 231 247 246
217 1 1 3 231 232 248 247
218 1 1 3 232 233 249 248
219 1 1 3 233 234 250 249
220 1 1 3 234 235 251 250
221 1 1 3 235 236 252 251
222 1 1 3 236 237 253 252
223 1 1 3 237 238 254 253
224 1 1 3 238 239 255 254
225 1 1 3 239 240 256 255
226 1 1 3 257 258 273 272
227 1 1 3 258 259 274 273
228 1 1 3 259 260 275 274
229 1 1 3 260 261 276 275
230 1 1 3 261 262 277 276
231 1 1 3 262 263 278 277
232 1 1 3 263 264 279 278
233 1 1 3 264 265 280 279
234 1 1 3 265 266 281 280
235 1 1 3 266 267 282 281
236 1 1 3 267 268 283 282
237 1 1 3 268 269 284 283
238 1 1 3 269 270 285 284
239 1 1 3 270 271 286 285
240 1 1 3 271 1 287 286
241 1 1 3 272 273 289 288
242 1 1 3 273 274 290 289
243 1 1 3 274 275 291 290
244 1 1 3 275 276 292 291
245 1 1 3 276 277 293 292
246 1 1 3 277 278 294 293
247 1 1 3 278 279 295 294
248 1 1 3 279 280 296 295
249 1 1 3 280 281 297 296
250 1 1 3 281 282 298 297
251 1 1 3 282 283 299 298
252 1 1 3 283 284 300 299
253 1 1 3 284 285 301 300
254 1 1 3 285 286 302 301
255 1 1 3 286 287 303 302
256 1 1 3 288 289 305 304
257 1 1 3 289 290 306 305
258 1 1 3 290 291 307 306
259 1 1 3 291 292 308 307
260 1 1 3 292 293 309 308
261 1 1 3 293 294 310 309
262 1 1 3 294 295 311 310
263 1 1 3 295 296 312 311
264 1 1 3 296 297 313 312
265 1 1 3 297 298 314 313
266 1 1 3 298 299 315 314
267 1 1 3 299 300 316 315
268 1 1 3 300 301 317 316
269 1 1 3 301 302 318 317
270 1 1 3 302 303 319 318
271 1 1 3 304 305 321 320
272 1 1 3 305 306 322 321
273 1 1 3 306 307 323 322
274 1 1 3 307 308 324 323
275 1 1 3 308 309 325 324
276 1 1 3 309 310 326 325
277 1 1 3 310 311 327 326
278 1 1 3 311 312 328 327
279 1 1 3 312 313 329 328
280 1 1 3 313 314 330 329
281 1 1 3 314 315 331 330
282 1 1 3 315 316 332 331
283 1 1 3 316 317 333 332
284 1 1 3 317 318 334 333
285 1 1 3 318 319 335 334
286 1 1 3 320 321 337 336
287 1 1 3 321 322 338 337
288 1 1 3 322 323 339 338
289 1 1 3 323 324 340 339
290 1 1 3 324 325 341 340
291 1 1 3 325 326 342 341
292 1 1 3 326 327 343 342
293 1 1 3 327 328 344 343
294 1 1 3 328 329 345 344
295 1 1 3 329 330 346 345
296 1 1 3 330 331 347 346
297 1 1 3 331 332 348 347
298 1 1 3 332 333 349 348
299 1 1 3 333 334 350 349
300 1 1 3 334 335 351 350
301 1 1 3 336 337 353 352
302 1 1 3 337 338 354 353
303 1 1 3 338 339 355 354
304 1 1 3 339 340 356 355
305 1 1 3 340 341 357 356
306 1 1 3 341 342 358 357
307 1 1 3 342 343 359 358
308 1 1 3 343 344 360 359
309 1 1 3 344 345 361 360
310 1 1 3 345 346 362 361
311 1 1 3 346 347 363 362
312 1 1 3 347 348 364 363
313 1 1 3 348 349 365 364
314 1 1 3 349 350 366 365
315 1 1 3 350 351 367 366
316 1 1 3 352 353 369 368
317 1 1 3 353 354 370 369
318 1 1 3 354 355 371 370
319 1 1 3 355 356 372 371
320 1 1 3 356 357 373 372
321 1 1 3 357 358 374 373
322 1 1 3 358 359 375 374
323 1 1 3 359 360 376 375
324 1 1 3 360 361 377 376
325 1 1 3 361 362 378 377
326 1 1 3 362 363 379 378
327 1 1 3 363 364 380 379
328 1 1 3 364 365 381 380
329 1 1 3 365 366 382 381
330 1 1 3 366 367 383 382
331 1 1 3 368 369 385 384
332 1 1 3 369 370 386 385
333 1 1 3 370 371 387 386
334 1 1 3 371 372 388 387
335 1 1 3 372 373 389 388
336 1 1 3 373 374 390 389
337 1 1 3 374 375 391 390
338 1 1 3 375 376 392 391
339 1 1 3 376 377 393 392
340 1 1 3 377 378 394 393
341 1 1 3 378 379 395 394
342 1 1 3 379 380 396 395
343 1 1 3 380 381 397 396
344 1 1 3 381 382 398 397
345 1 1 3 382 383 399 398
346 1 1 3 384 385 401 400
347 1 1 3 385 386 402 401
348 1 1 3 386 387 403 402
349 1 1 3 387 388 404 403
350 1 1 3 388 389 405 404
351 1 1 3 389 390 406 405
352 1 1 3 390 391 407 406
353 1 1 3 391 392 408 407
354 1 1 3 392 393 409 408
355 1 1 3 393 394 410 409
356 1 1 3 394 395 411 410
357 1 1 3 395 396 412 411
358 1 1 3 396 397 413 412
359 1 1 3 397 398 414 413
360 1 1 3 398 399 415 414
361 1 1 3 400 401 417 416
362 1 1 3 401 402 418 417
363 1 1 3 402 403 419 418
364 1 1 3 403 404 420 419
365 1 1 3 404 405 421 420
366 1 1 3 405 406 422 421
367 1 1 3 406 407 423 422
368 1 1 3 407 408 424 423
369 1 1 3 408 409 425 424
370 1 1 3 409 410 426 425
371 1 1 3 410 411 427 426
372 1 1 3 411 412 428 427
373 1 1 3 412 413 429 428
374 1 1 3 413 414 430 429
375 1 1 3 414 415 431 430
376 1 1 3 416 417 433 432
377 1 1 3 417 418 434 433
378 1 1 3 418 419 435 434
379 1 1 3 419 420 436 435
380 1 1 3 420 421 437 436
381 1 1 3 421 422 438 437
382 1 1 3 422 423 439 438
383 1 1 3 423 424 440 439
384 1 1 3 424 425 441 440
385 1 1 3 425 426 442 441
386 1 1 3 426 427 443 442
387 1 1 3 427 428 444 443
388 1 1 3 428 429 445 444
389 1 1 3 429 430 446 445
390 1 1 3 430 431 447 446
391 1 1 3 432 433 449 448
392 1 1 3 433 434 450 449
393 1 1 3 434 435 451 450
394 1 1 3 435 436 452 451
395 1 1 3 436 437 453 452
396 1 1 3 437 438 454 453
397 1 1 3 438 439 455 454
398 1 1 3 439 440 456 455
399 1 1 3 440 441 457 456
400 1 1 3 441 442 458 457
401 1 1 3 442 443 459 458
402 1 1 3 443 444 460 459
403 1 1 3 444 445 461 460
404 1 1 3 445 446 462 461
405 1 1 3 446 447 463 462
406 1 1 3 448 449 465 464
407 1 1 3 449 450 466 465
408 1 1 3 450 451 467 466
409 1 1 3 451 452 468 467
410 1 1 3 452 453 469 468
411 1 1 3 453 454 470 469
412 1 1 3 454 455 471 470
413 1 1 3 455 456 472 471
414 1 1 3 456 457 473 472
415 1 1 3 457 458 474 473
416 1 1 3 458 459 475 474
417 1 1 3 459 460 476 475
418 1 1 3 460 461 477 476
419 1 1 3 461 462 478 477
420 1 1 3 462 463 479 478
421 1 1 3 464 465 481 480
422 1 1 3 465 466 482 481
423 1 1 3 466 467 483 482
424 1 1 3 467 468 484 483
425 1 1 3 468 469 485 484
426 1 1 3 469 470 486 485
427 1 1 3 470 471 487 486
428 1 1 3 471 472 488 487
429 1 1 3 472 473 489 488
430 1 1 3 473 474 490 489
431 1 1 3 474 475 491 490
432 1 1 3 475 476 492 491
433 1 1 3 476 477 493 492
434 1 1 3 477 478 494 493
435 1 1 3 478 479 495 494
436 1 1 3 480 481 497 496
437 1 1 3 481 482 498 497
438 1 1 3 482 483 499 498
439 1 1 3 483 484 500 499
440 1 1 3 484 485 501 500
441 1 1 3 485 486 502 501
442 1 1 3 486 487 503 502
443 1 1 3 487 488 504 503
444 1 1 3 488 489 505 504
445 1 1 3 489 490 506 505
446 1 1 3 490 491 507 506
447 1 1 3 491 492 508 507
448 1 1 3 492 493 509 508
449 1 1 3 493 494 510 509
450 1 1 3 494 495 511 510
451 1 1 3 16 512 518 517
452 1 1 3 512 513 519 518
453 1 1 3 513 13 520 519
454 1 1 3 13 12 521 520
455 1 1 3 12 514 522 521
456 1 1 3 514 10 523 522
457 1 1 3 10 9 524 523
458 1 1 3 9 8 525 524
459 1 1 3 8 7 526 525
460 1 1 3 7 6 527 526
461 1 1 3 6 5 528 527
462 1 1 3 5 4 529 528
463 1 1 3 4 515 530 529
464 1 1 3 515 516 531 530
465 1 1 3 516 1 532 531
466 1 1 3 517 518 534 533
467 1 1 3 518 519 535 534
468 1 1 3 519 520 536 535
469 1 1 3 520 521 537 536
470 1 1 3 521 522 538 537
471 1 1 3 522 523 539 538
472 1 1 3 523 524 540 539
473 1 1 3 524 525 541 540
474 1 1 3 525 526 542 541
475 1 1 3 526 527 543 542
476 1 1 3 527 528 544 543
477 1 1 3 528 529 545 544
478 1 1 3 529 530 546 545
479 1 1 3 530 531 547 546
480 1 1 3 531 532 548 547
481 1 1 3 533 534 550 549
482 1 1 3 534 535 551 550
483 1 1 3 535 536 552 551
484 1 1 3 536 537 553 552
485 1 1 3 537 538 554 553
486 1 1 3 538 539 555 554
487 1 1 3 539 540 556 555
488 1 1 3 540 541 557 556
489 1 1 3 541 542 558 557
490 1 1 3 542 543 559 558
491 1 1 3 543 544 560 559
492 1 1 3 544 545 561 560
493 1 1 3 545 546 562 561
494 1 1 3 546 547 563 562
495 1 1 3 547 548 269 563
496 1 1 3 549 550 565 564
497 1 1 3 550 551 566 565
498 1 1 3 551 552 567 566
499 1 1 3 552 553 568 567
500 1 1 3 553 554 569 568
501 1 1 3 554 555 570 569
502 1 1 3 555 556 571 570
503 1 1 3 556 557 572 571
504 1 1 3 557 558 573 572
505 1 1 3 558 559 574 573
506 1 1 3 559 560 575 574
507 1 1 3 560 561 576 575
508 1 1 3 561 562 577 576
509 1 1 3 562 563 578 577
510 1 1 3 563 269 579 578
511 1 1 3 564 565 581 580
512 1 1 3 565 566 582 581
513 1 1 3 566 567 583 582
514 1 1 3 567 568 584 583
515 1 1 3 568 569 585 584
516 1 1 3 569 570 586 585
517 1 1 3 570 571 587 586
518 1 1 3 571 572 588 587
519 1 1 3 572 573 589 588
520 1 1 3 573 574 590 589
521 1 1 3 574 575 591 590
522 1 1 3 575 576 592 591
523 1 1 3 576 577 593 592
524 1 1 3 577 578 594 593
525 1 1 3 578 579 595 594
526 1 1 3 580 581 597 596
527 1 1 3 581 582 598 597
528 1 1 3 582 583 599 598
529 1 1 3 583 584 600 599
530 1 1 3 584 585 601 600
531 1 1 3 585 586 602 601
532 1 1 3 586 587 603 602
533 1 1 3 587 588 604 603
534 1 1 3 588 589 605 604
535 1 1 3 589 590 606 605
536 1 1 3 590 591 607 606
537 1 1 3 591 592 608 607
538 1 1 3 592 593 609 608
539 1 1 3 593 594 610 609
540 1 1 3 594 595 266 610
541 1 1 3 596 597 612 611
542 1 1 3 597 598 613 612
543 1 1 3 598 599 614 613
544 1 1 3 599 600 615 614
545 1 1 3 600 601 616 615
546 1 1 3 601 602 617 616
547 1 1 3 602 603 618 617
548 1 1 3 603 604 619 618
549 1 1 3 604 605 620 619
550 1 1 3 605 606 621 620
551 1 1 3 606 607 622 621
552 1 1 3 607 608 623 622
553 1 1 3 608 609 624 623
554 1 1 3 609 610 625 624
555 1 1 3 610 266 626 625
556 1 1 3 611 612 628 627
557 1 1 3 612 613 629 628
558 1 1 3 613 614 630 629
559 1 1 3 614 615 631 630
560 1 1 3 615 616 632 631
561 1 1 3 616 617 633 632
562 1 1 3 617 618 634 633
563 1 1 3 618 619 635 634
564 1 1 3 619 620 636 635
565 1 1 3 620 621 637 636
566 1 1 3 621 622 638 637
567 1 1 3 622 623 639 638
568 1 1 3 623 624 640 639
569 1 1 3 624 625 641 640
570 1 1 3 625 626 642 641
571 1 1 3 627 628 644 643
572 1 1 3 628 629 645 644
573 1 1 3 629 630 646 645
574 1 1 3 630 631 647 646
575 1 1 3 631 632 648 647
576 1 1 3 632 633 649 648
577 1 1 3 633 634 650 649
578 1 1 3 634 635 651 650
579 1 1 3 635 636 652 651
580 1 1 3 636 637 653 652
581 1 1 3 637 638 654 653
582 1 1 3 638 639 655 654
583 1 1 3 639 640 656 655
584 1 1 3 640 641 657 656
585 1 1 3 641 642 263 657
586 1 1 3 643 644 659 658
587 1 1 3 644 645 660 659
588 1 1 3 645 646 661 660
589 1 1 3 646 647 662 661
590 1 1 3 647 648 663 662
591 1 1 3 648 649 664 663
592 1 1 3 649 650 665 664
593 1 1 3 650 651 666 665
594 1 1 3 651 652 667 666
595 1 1 3 652 653 668 667
596 1 1 3 653 654 669 668
597 1 1 3 654 655 670 669
598 1 1 3 655 656 671 670
599 1 1 3 656 657 672 671
600 1 1 3 657 263 673 672
601 1 1 3 658 659 675 674
602 1 1 3 659 660 676 675
603 1 1 3 660 661 677 676
604 1 1 3 661 662 678 677
605 1 1 3 662 663 679 678
606 1 1 3 663 664 680 679
607 1 1 3 664 665 681 680
608 1 1 3 665 666 682 681
609 1 1 3 666 667 683 682
610 1 1 3 667 668 684 683
611 1 1 3 668 669 685 684
612 1 1 3 669 670 686 685
613 1 1 3 670 671 687 686
614 1 1 3 671 672 688 687
615 1 1 3 672 673 261 688
616 1 1 3 674 675 690 689
617 1 1 3 675 676 691 690
618 1 1 3 676 677 692 691
619 1 1 3 677 678 693 692
620 1 1 3 678 679 694 693
621 1 1 3 679 680 695 694
622 1 1 3 680 681 696 695
623 1 1 3 681 682 697 696
624 1 1 3 682 683 698 697
625 1 1 3 683 684 699 698
626 1 1 3 684 685 700 699
627 1 1 3 685 686 701 700
628 1 1 3 686 687 702 701
629 1 1 3 687 688 703 702
630 1 1 3 688 261 704 703
631 1 1 3 689 690 706 705
632 1 1 3 690 691 707 706
633 1 1 3 691 692 708 707
634 1 1 3 692 693 709 708
635 1 1 3 693 694 710 709
636 1 1 3 694 695 711 710
637 1 1 3 695 696 712 711
638 1 1 3 696 697 713 712
639 1 1 3 697 698 714 713
640 1 1 3 698 699 715 714
641 1 1 3 699 700 716 715
642 1 1 3 700 701 717 716
643 1 1 3 701 702 718 717
644 1 1 3 702 703 719 718
645 1 1 3 703 704 259 719
646 1 1 3 705 706 721 720
647 1 1 3 706 707 722 721
648 1 1 3 707 708 723 722
649 1 1 3 708 709 724 723
650 1 1 3 709 710 725 724
651 1 1 3 710 711 726 725
652 1 1 3 711 712 727 726
653 1 1 3 712 713 728 727
654 1 1 3 713 714 729 728
655 1 1 3 714 715 730 729
656 1 1 3 715 716 731 730
657 1 1 3 716 717 732 731
658 1 1 3 717 718 733 732
659 1 1 3 718 719 734 733
660 1 1 3 719 259 735 734
661 1 1 3 720 721 737 736
662 1 1 3 721 722 738 737
663 1 1 3 722 723 739 738
664 1 1 3 723 724 740 739
665 1 1 3 724 725 741 740
666 1 1 3 725 726 742 741
667 1 1 3 726 727 743 742
668 1 1 3 727 728 744 743
669 1 1 3 728 729 745 744
670 1 1 3 729 730 746 745
671 1 1 3 730 731 747 746
672 1 1 3 731 732 748 747
673 1 1 3 732 733 749 748
674 1 1 3 733 734 750 749
675 1 1 3 734 735 257 750

%LOAD
1
1	'Load_Case_1'

%LOAD.CASE
1

%LOAD.CASE.LINE.FORCE.UNIFORM
15
211	241	242	0	0.000000	430.000000	0.000000
212	242	243	0	0.000000	430.000000	0.000000
213	243	244	0	0.000000	430.000000	0.000000
214	244	245	0	0.000000	430.000000	0.000000
215	245	246	0	0.000000	430.000000	0.000000
216	246	247	0	0.000000	430.000000	0.000000
217	247	248	0	0.000000	430.000000	0.000000
218	248	249	0	0.000000	430.000000	0.000000
219	249	250	0	0.000000	430.000000	0.000000
220	250	251	0	0.000000	430.000000	0.000000
221	251	252	0	0.000000	430.000000	0.000000
222	252	253	0	0.000000	430.000000	0.000000
223	253	254	0	0.000000	430.000000	0.000000
224	254	255	0	0.000000	430.000000	0.000000
225	255	256	0	0.000000	430.000000	0.000000

%END