%HEADER
Output file created by FEMEP (version October/2021).
'File created by FEMEP program'

%HEADER.ANALYSIS
'plane_stress'

%NODE
266

%NODE.COORD
266
1 5.000000 10.000000 0.000000
2 6.000000 10.000000 0.000000
3 7.000000 10.000000 0.000000
4 8.000000 10.000000 0.000000
5 9.000000 10.000000 0.000000
6 10.000000 10.000000 0.000000
7 10.000000 9.000000 0.000000
8 10.000000 8.000000 0.000000
9 10.000000 7.000000 0.000000
10 10.000000 6.000000 0.000000
11 10.000000 5.000000 0.000000
12 10.000000 4.000000 0.000000
13 10.000000 3.000000 0.000000
14 10.000000 2.000000 0.000000
15 10.000000 1.000000 0.000000
16 10.000000 0.000000 0.000000
17 9.000000 0.000000 0.000000
18 8.000000 0.000000 0.000000
19 7.000000 0.000000 0.000000
20 6.000000 0.000000 0.000000
21 5.000000 0.000000 0.000000
22 4.000000 0.000000 0.000000
23 3.000000 0.000000 0.000000
24 2.000000 0.000000 0.000000
25 1.000000 0.000000 0.000000
26 0.000000 0.000000 0.000000
27 0.000000 1.000000 0.000000
28 0.000000 2.000000 0.000000
29 0.000000 3.000000 0.000000
30 0.000000 4.000000 0.000000
31 0.000000 5.000000 0.000000
32 1.000000 5.000000 0.000000
33 2.000000 5.000000 0.000000
34 3.000000 5.000000 0.000000
35 4.000000 5.000000 0.000000
36 5.000000 5.000000 0.000000
37 5.000000 6.000000 0.000000
38 5.000000 7.000000 0.000000
39 5.000000 8.000000 0.000000
40 5.000000 9.000000 0.000000
41 5.999600 8.998524 0.000000
42 5.992867 1.996588 0.000000
43 6.993502 1.997934 0.000000
44 6.990581 2.998124 0.000000
45 5.989586 2.997000 0.000000
46 6.991292 3.998980 0.000000
47 5.990765 3.998478 0.000000
48 7.998076 6.998504 0.000000
49 8.998987 6.998926 0.000000
50 8.999767 7.998610 0.000000
51 7.999604 7.997335 0.000000
52 7.997393 0.998986 0.000000
53 8.998562 0.999513 0.000000
54 8.996950 1.999452 0.000000
55 7.994991 1.998991 0.000000
56 0.999252 0.999596 0.000000
57 5.996538 5.999239 0.000000
58 5.993302 4.999548 0.000000
59 0.998686 1.999319 0.000000
60 1.998583 0.999236 0.000000
61 1.997491 1.998951 0.000000
62 9.000049 8.999102 0.000000
63 7.999823 8.998592 0.000000
64 0.998420 2.999321 0.000000
65 7.991650 2.999292 0.000000
66 7.991726 3.999995 0.000000
67 6.999659 8.998776 0.000000
68 6.999107 7.997769 0.000000
69 5.999086 7.998101 0.000000
70 6.993970 5.999074 0.000000
71 6.992188 4.999580 0.000000
72 1.998073 3.999409 0.000000
73 0.999094 3.999675 0.000000
74 1.997006 2.998918 0.000000
75 3.997317 0.998510 0.000000
76 4.996745 0.997666 0.000000
77 2.996931 3.999105 0.000000
78 2.995047 2.998278 0.000000
79 5.996570 0.997967 0.000000
80 3.995196 3.998664 0.000000
81 3.992948 2.997369 0.000000
82 6.996690 0.998245 0.000000
83 5.997992 6.998631 0.000000
84 6.997641 6.997810 0.000000
85 4.992334 3.998231 0.000000
86 4.990821 2.996956 0.000000
87 2.995993 1.998076 0.000000
88 2.997848 0.998666 0.000000
89 3.994720 1.997364 0.000000
90 8.995770 3.999978 0.000000
91 8.996037 5.000232 0.000000
92 8.997656 5.999646 0.000000
93 4.993790 1.997199 0.000000
94 8.995130 2.999705 0.000000
95 7.995457 5.999562 0.000000
96 7.993939 4.999821 0.000000
97 5.499800 8.999262 0.000000
98 5.000000 9.500000 0.000000
99 5.500000 10.000000 0.000000
100 5.999800 9.499262 0.000000
101 6.490083 2.997562 0.000000
102 6.992041 2.498029 0.000000
103 6.493185 1.997261 0.000000
104 5.991226 2.496794 0.000000
105 5.990175 3.497739 0.000000
106 6.491028 3.998729 0.000000
107 6.990936 3.498552 0.000000
108 8.499685 7.997972 0.000000
109 8.999377 7.498768 0.000000
110 8.498531 6.998715 0.000000
111 7.998840 7.497919 0.000000
112 8.495971 1.999221 0.000000
113 8.997756 1.499483 0.000000
114 8.497977 0.999250 0.000000
115 7.996192 1.498988 0.000000
116 0.999626 0.499798 0.000000
117 0.500000 0.000000 0.000000
118 0.000000 0.500000 0.000000
119 0.499626 0.999798 0.000000
120 5.496651 4.999774 0.000000
121 5.000000 5.500000 0.000000
122 5.498269 5.999619 0.000000
123 5.994920 5.499394 0.000000
124 1.998037 1.499093 0.000000
125 1.498917 0.999416 0.000000
126 0.998969 1.499457 0.000000
127 1.498088 1.999135 0.000000
128 7.999714 8.497963 0.000000
129 8.499936 8.998847 0.000000
130 8.999908 8.498856 0.000000
131 0.499343 1.999659 0.000000
132 0.000000 2.500000 0.000000
133 0.499210 2.999661 0.000000
134 0.998553 2.499320 0.000000
135 7.491509 3.999487 0.000000
136 7.991688 3.499643 0.000000
137 7.491115 2.998708 0.000000
138 9.499281 0.999757 0.000000
139 10.000000 0.500000 0.000000
140 9.500000 0.000000 0.000000
141 8.999281 0.499757 0.000000
142 7.499355 7.997552 0.000000
143 6.999383 8.498272 0.000000
144 7.499741 8.998684 0.000000
145 6.499097 7.997935 0.000000
146 5.999343 8.498312 0.000000
147 6.499629 8.998650 0.000000
148 0.000000 1.500000 0.000000
149 9.000024 9.499551 0.000000
150 9.500000 10.000000 0.000000
151 10.000000 9.500000 0.000000
152 9.500024 8.999551 0.000000
153 6.492745 4.999564 0.000000
154 6.495254 5.999156 0.000000
155 6.993079 5.499327 0.000000
156 1.497713 2.999120 0.000000
157 0.998757 3.499498 0.000000
158 1.498583 3.999542 0.000000
159 1.997539 3.499164 0.000000
160 4.998373 0.498833 0.000000
161 4.500000 0.000000 0.000000
162 3.998659 0.499255 0.000000
163 4.497031 0.998088 0.000000
164 1.997249 2.498934 0.000000
165 2.496027 2.998598 0.000000
166 2.497502 3.999257 0.000000
167 2.995989 3.498691 0.000000
168 0.499547 3.999838 0.000000
169 0.000000 4.500000 0.000000
170 0.500000 5.000000 0.000000
171 0.999547 4.499838 0.000000
172 5.998285 0.498983 0.000000
173 5.500000 0.000000 0.000000
174 5.496658 0.997816 0.000000
175 0.000000 3.500000 0.000000
176 3.493998 2.997824 0.000000
177 3.496064 3.998884 0.000000
178 3.994072 3.498017 0.000000
179 6.998345 0.499122 0.000000
180 6.500000 0.000000 0.000000
181 6.496630 0.998106 0.000000
182 6.497816 6.998221 0.000000
183 5.998539 7.498366 0.000000
184 6.998374 7.497790 0.000000
185 4.491885 2.997162 0.000000
186 4.493765 3.998447 0.000000
187 4.991578 3.497593 0.000000
188 5.499543 7.999051 0.000000
189 5.000000 8.500000 0.000000
190 7.998696 0.499493 0.000000
191 7.500000 0.000000 0.000000
192 7.497041 0.998615 0.000000
193 5.997265 6.498935 0.000000
194 6.995805 6.498442 0.000000
195 2.995520 2.498177 0.000000
196 2.496742 1.998514 0.000000
197 1.999291 0.499618 0.000000
198 1.500000 0.000000 0.000000
199 8.500000 0.000000 0.000000
200 2.996920 1.498371 0.000000
201 2.498215 0.998951 0.000000
202 3.993834 2.497367 0.000000
203 3.495356 1.997720 0.000000
204 2.998924 0.499333 0.000000
205 2.500000 0.000000 0.000000
206 9.498018 5.000116 0.000000
207 10.000000 4.500000 0.000000
208 9.497885 3.999989 0.000000
209 8.995903 4.500105 0.000000
210 3.996018 1.497937 0.000000
211 3.497582 0.998588 0.000000
212 7.497858 6.998157 0.000000
213 9.498475 1.999726 0.000000
214 10.000000 1.500000 0.000000
215 9.498828 5.999823 0.000000
216 10.000000 5.500000 0.000000
217 8.996846 5.499939 0.000000
218 4.995268 1.497433 0.000000
219 4.494255 1.997282 0.000000
220 4.992306 2.497077 0.000000
221 9.497565 2.999852 0.000000
222 10.000000 2.500000 0.000000
223 8.996040 2.499578 0.000000
224 9.499493 6.999463 0.000000
225 10.000000 6.500000 0.000000
226 8.998321 6.499286 0.000000
227 5.994719 1.497277 0.000000
228 5.493329 1.996894 0.000000
229 7.494713 5.999318 0.000000
230 7.996766 6.499033 0.000000
231 7.999912 9.499296 0.000000
232 8.500000 10.000000 0.000000
233 9.499883 7.999305 0.000000
234 10.000000 7.500000 0.000000
235 8.493390 2.999498 0.000000
236 7.993320 2.499141 0.000000
237 7.493063 4.999701 0.000000
238 7.994698 5.499691 0.000000
239 8.493748 3.999986 0.000000
240 8.995450 3.499841 0.000000
241 10.000000 8.500000 0.000000
242 5.498996 6.999315 0.000000
243 5.000000 7.500000 0.000000
244 5.992033 4.499013 0.000000
245 6.991740 4.499280 0.000000
246 8.494988 5.000026 0.000000
247 7.992833 4.499908 0.000000
248 1.500000 5.000000 0.000000
249 1.999036 4.499705 0.000000
250 3.500000 0.000000 0.000000
251 8.496556 5.999604 0.000000
252 2.500000 5.000000 0.000000
253 2.998465 4.499552 0.000000
254 10.000000 3.500000 0.000000
255 5.490203 2.996978 0.000000
256 3.500000 5.000000 0.000000
257 3.997598 4.499332 0.000000
258 6.999829 9.499388 0.000000
259 7.500000 10.000000 0.000000
260 5.491549 3.998355 0.000000
261 6.995096 1.498089 0.000000
262 4.500000 5.000000 0.000000
263 4.996167 4.499115 0.000000
264 6.500000 10.000000 0.000000
265 7.494246 1.998462 0.000000
266 5.000000 6.500000 0.000000

%NODE.SUPPORT
21
16 1 1 0 0 0 0
17 1 1 0 0 0 0
18 1 1 0 0 0 0
19 1 1 0 0 0 0
20 1 1 0 0 0 0
21 1 1 0 0 0 0
22 1 1 0 0 0 0
23 1 1 0 0 0 0
24 1 1 0 0 0 0
25 1 1 0 0 0 0
26 1 1 0 0 0 0
117 1 1 0 0 0 0
140 1 1 0 0 0 0
161 1 1 0 0 0 0
173 1 1 0 0 0 0
180 1 1 0 0 0 0
191 1 1 0 0 0 0
198 1 1 0 0 0 0
199 1 1 0 0 0 0
205 1 1 0 0 0 0
250 1 1 0 0 0 0

%MATERIAL
1

%MATERIAL.LABEL
1
1 'M1'

%MATERIAL.ISOTROPIC
1
1 206000.0 0.300000

%THICKNESS
1
1 1.000000

%INTEGRATION.ORDER
4
1 1 1 1 1 1 1
2 3 3 1 3 3 1
3 1 1 1 1 1 1
4 2 2 1 2 2 1

%ELEMENT
75

%ELEMENT.Q8
75
1 1 1 4 100 2 99 1 98 40 97 41
2 1 1 4 104 42 103 43 102 44 101 45
3 1 1 4 107 46 106 47 105 45 101 44
4 1 1 4 111 48 110 49 109 50 108 51
5 1 1 4 115 52 114 53 113 54 112 55
6 1 1 4 119 27 118 26 117 25 116 56
7 1 1 4 123 57 122 37 121 36 120 58
8 1 1 4 127 59 126 56 125 60 124 61
9 1 1 4 108 50 130 62 129 63 128 51
10 1 1 4 134 64 133 29 132 28 131 59
11 1 1 4 107 44 137 65 136 66 135 46
12 1 1 4 141 17 140 16 139 15 138 53
13 1 1 4 128 63 144 67 143 68 142 51
14 1 1 4 143 67 147 41 146 69 145 68
15 1 1 4 131 28 148 27 119 56 126 59
16 1 1 4 152 7 151 6 150 5 149 62
17 1 1 4 155 70 154 57 123 58 153 71
18 1 1 4 159 72 158 73 157 64 156 74
19 1 1 4 163 75 162 22 161 21 160 76
20 1 1 4 156 64 134 59 127 61 164 74
21 1 1 4 167 77 166 72 159 74 165 78
22 1 1 4 171 32 170 31 169 30 168 73
23 1 1 4 174 76 160 21 173 20 172 79
24 1 1 4 157 73 168 30 175 29 133 64
25 1 1 4 178 80 177 77 167 78 176 81
26 1 1 4 181 79 172 20 180 19 179 82
27 1 1 4 184 68 145 69 183 83 182 84
28 1 1 4 187 85 186 80 178 81 185 86
29 1 1 4 146 41 97 40 189 39 188 69
30 1 1 4 192 82 179 19 191 18 190 52
31 1 1 4 194 84 182 83 193 57 154 70
32 1 1 4 165 74 164 61 196 87 195 78
33 1 1 4 125 56 116 25 198 24 197 60
34 1 1 4 190 18 199 17 141 53 114 52
35 1 1 4 196 61 124 60 201 88 200 87
36 1 1 4 176 78 195 87 203 89 202 81
37 1 1 4 201 60 197 24 205 23 204 88
38 1 1 4 209 90 208 12 207 11 206 91
39 1 1 4 203 87 200 88 211 75 210 89
40 1 1 4 111 51 142 68 184 84 212 48
41 1 1 4 113 53 138 15 214 14 213 54
42 1 1 4 217 91 206 11 216 10 215 92
43 1 1 4 219 89 210 75 163 76 218 93
44 1 1 4 185 81 202 89 219 93 220 86
45 1 1 4 223 54 213 14 222 13 221 94
46 1 1 4 226 92 215 10 225 9 224 49
47 1 1 4 228 93 218 76 174 79 227 42
48 1 1 4 230 48 212 84 194 70 229 95
49 1 1 4 129 62 149 5 232 4 231 63
50 1 1 4 109 49 224 9 234 8 233 50
51 1 1 4 236 55 112 54 223 94 235 65
52 1 1 4 238 95 229 70 155 71 237 96
53 1 1 4 136 65 235 94 240 90 239 66
54 1 1 4 233 8 241 7 152 62 130 50
55 1 1 4 183 69 188 39 243 38 242 83
56 1 1 4 245 71 153 58 244 47 106 46
57 1 1 4 247 66 239 90 209 91 246 96
58 1 1 4 249 33 248 32 171 73 158 72
59 1 1 4 211 88 204 23 250 22 162 75
60 1 1 4 247 96 237 71 245 46 135 66
61 1 1 4 238 96 246 91 217 92 251 95
62 1 1 4 253 34 252 33 249 72 166 77
63 1 1 4 240 94 221 13 254 12 208 90
64 1 1 4 255 86 220 93 228 42 104 45
65 1 1 4 230 95 251 92 226 49 110 48
66 1 1 4 257 35 256 34 253 77 177 80
67 1 1 4 144 63 231 4 259 3 258 67
68 1 1 4 260 85 187 86 255 45 105 47
69 1 1 4 103 42 227 79 181 82 261 43
70 1 1 4 263 36 262 35 257 80 186 85
71 1 1 4 258 3 264 2 100 41 147 67
72 1 1 4 102 43 265 55 236 65 137 44
73 1 1 4 261 82 192 52 115 55 265 43
74 1 1 4 244 58 120 36 263 85 260 47
75 1 1 4 193 83 242 38 266 37 122 57

%LOAD
1
1	'Load_Case_1'

%LOAD.CASE
1

%LOAD.CASE.LINE.FORCE.UNIFORM
5
1	1	2	0	0.000000	300.000000	0.000000
71	2	3	0	0.000000	300.000000	0.000000
67	3	4	0	0.000000	300.000000	0.000000
49	4	5	0	0.000000	300.000000	0.000000
16	5	6	0	0.000000	300.000000	0.000000

%END