%HEADER
Output file created by FEMEP (version October/2021).
'File created by FEMEP program'

%HEADER.ANALYSIS
'plane_stress'

%NODE
81

%NODE.COORD
81
1 0.000000 44.000000 0.000000
2 0.000000 38.500000 0.000000
3 0.000000 33.000000 0.000000
4 0.000000 27.500000 0.000000
5 0.000000 22.000000 0.000000
6 0.000000 16.500000 0.000000
7 0.000000 11.000000 0.000000
8 0.000000 5.500000 0.000000
9 0.000000 0.000000 0.000000
10 6.000000 46.000000 0.000000
11 6.000000 40.937500 0.000000
12 6.000000 35.875000 0.000000
13 6.000000 30.812500 0.000000
14 6.000000 25.750000 0.000000
15 6.000000 20.687500 0.000000
16 6.000000 15.625000 0.000000
17 6.000000 10.562500 0.000000
18 6.000000 5.500000 0.000000
19 12.000000 48.000000 0.000000
20 12.000000 43.375000 0.000000
21 12.000000 38.750000 0.000000
22 12.000000 34.125000 0.000000
23 12.000000 29.500000 0.000000
24 12.000000 24.875000 0.000000
25 12.000000 20.250000 0.000000
26 12.000000 15.625000 0.000000
27 12.000000 11.000000 0.000000
28 18.000000 50.000000 0.000000
29 18.000000 45.812500 0.000000
30 18.000000 41.625000 0.000000
31 18.000000 37.437500 0.000000
32 18.000000 33.250000 0.000000
33 18.000000 29.062500 0.000000
34 18.000000 24.875000 0.000000
35 18.000000 20.687500 0.000000
36 18.000000 16.500000 0.000000
37 24.000000 52.000000 0.000000
38 24.000000 48.250000 0.000000
39 24.000000 44.500000 0.000000
40 24.000000 40.750000 0.000000
41 24.000000 37.000000 0.000000
42 24.000000 33.250000 0.000000
43 24.000000 29.500000 0.000000
44 24.000000 25.750000 0.000000
45 24.000000 22.000000 0.000000
46 30.000000 54.000000 0.000000
47 30.000000 50.687500 0.000000
48 30.000000 47.375000 0.000000
49 30.000000 44.062500 0.000000
50 30.000000 40.750000 0.000000
51 30.000000 37.437500 0.000000
52 30.000000 34.125000 0.000000
53 30.000000 30.812500 0.000000
54 30.000000 27.500000 0.000000
55 36.000000 56.000000 0.000000
56 36.000000 53.125000 0.000000
57 36.000000 50.250000 0.000000
58 36.000000 47.375000 0.000000
59 36.000000 44.500000 0.000000
60 36.000000 41.625000 0.000000
61 36.000000 38.750000 0.000000
62 36.000000 35.875000 0.000000
63 36.000000 33.000000 0.000000
64 42.000000 58.000000 0.000000
65 42.000000 55.562500 0.000000
66 42.000000 53.125000 0.000000
67 42.000000 50.687500 0.000000
68 42.000000 48.250000 0.000000
69 42.000000 45.812500 0.000000
70 42.000000 43.375000 0.000000
71 42.000000 40.937500 0.000000
72 42.000000 38.500000 0.000000
73 48.000000 60.000000 0.000000
74 48.000000 58.000000 0.000000
75 48.000000 56.000000 0.000000
76 48.000000 54.000000 0.000000
77 48.000000 52.000000 0.000000
78 48.000000 50.000000 0.000000
79 48.000000 48.000000 0.000000
80 48.000000 46.000000 0.000000
81 48.000000 44.000000 0.000000

%NODE.SUPPORT
9
1 1 1 0 0 0 0
2 1 1 0 0 0 0
3 1 1 0 0 0 0
4 1 1 0 0 0 0
5 1 1 0 0 0 0
6 1 1 0 0 0 0
7 1 1 0 0 0 0
8 1 1 0 0 0 0
9 1 1 0 0 0 0

%MATERIAL
1

%MATERIAL.LABEL
1
1 'M1'

%MATERIAL.ISOTROPIC
1
1 206000.0 0.300000

%THICKNESS
1
1 1.000000

%INTEGRATION.ORDER
4
1 1 1 1 1 1 1
2 3 3 1 3 3 1
3 1 1 1 1 1 1
4 2 2 1 2 2 1

%ELEMENT
64

%ELEMENT.Q4
64
1 1 1 3 1 2 11 10
2 1 1 3 2 3 12 11
3 1 1 3 3 4 13 12
4 1 1 3 4 5 14 13
5 1 1 3 5 6 15 14
6 1 1 3 6 7 16 15
7 1 1 3 7 8 17 16
8 1 1 3 8 9 18 17
9 1 1 3 10 11 20 19
10 1 1 3 11 12 21 20
11 1 1 3 12 13 22 21
12 1 1 3 13 14 23 22
13 1 1 3 14 15 24 23
14 1 1 3 15 16 25 24
15 1 1 3 16 17 26 25
16 1 1 3 17 18 27 26
17 1 1 3 19 20 29 28
18 1 1 3 20 21 30 29
19 1 1 3 21 22 31 30
20 1 1 3 22 23 32 31
21 1 1 3 23 24 33 32
22 1 1 3 24 25 34 33
23 1 1 3 25 26 35 34
24 1 1 3 26 27 36 35
25 1 1 3 28 29 38 37
26 1 1 3 29 30 39 38
27 1 1 3 30 31 40 39
28 1 1 3 31 32 41 40
29 1 1 3 32 33 42 41
30 1 1 3 33 34 43 42
31 1 1 3 34 35 44 43
32 1 1 3 35 36 45 44
33 1 1 3 37 38 47 46
34 1 1 3 38 39 48 47
35 1 1 3 39 40 49 48
36 1 1 3 40 41 50 49
37 1 1 3 41 42 51 50
38 1 1 3 42 43 52 51
39 1 1 3 43 44 53 52
40 1 1 3 44 45 54 53
41 1 1 3 46 47 56 55
42 1 1 3 47 48 57 56
43 1 1 3 48 49 58 57
44 1 1 3 49 50 59 58
45 1 1 3 50 51 60 59
46 1 1 3 51 52 61 60
47 1 1 3 52 53 62 61
48 1 1 3 53 54 63 62
49 1 1 3 55 56 65 64
50 1 1 3 56 57 66 65
51 1 1 3 57 58 67 66
52 1 1 3 58 59 68 67
53 1 1 3 59 60 69 68
54 1 1 3 60 61 70 69
55 1 1 3 61 62 71 70
56 1 1 3 62 63 72 71
57 1 1 3 64 65 74 73
58 1 1 3 65 66 75 74
59 1 1 3 66 67 76 75
60 1 1 3 67 68 77 76
61 1 1 3 68 69 78 77
62 1 1 3 69 70 79 78
63 1 1 3 70 71 80 79
64 1 1 3 71 72 81 80

%LOAD
1
1	'Load_Case_1'

%LOAD.CASE
1

%LOAD.CASE.LINE.FORCE.UNIFORM
8
57	73	74	0	0.000000	170.000000	0.000000
58	74	75	0	0.000000	170.000000	0.000000
59	75	76	0	0.000000	170.000000	0.000000
60	76	77	0	0.000000	170.000000	0.000000
61	77	78	0	0.000000	170.000000	0.000000
62	78	79	0	0.000000	170.000000	0.000000
63	79	80	0	0.000000	170.000000	0.000000
64	80	81	0	0.000000	170.000000	0.000000

%END