TENSÃO ANTERIOR --------------------------------------------------------- 
 [[0.]
 [0.]
 [0.]] 

DELTA_SIGMA ------------------------------------------------------------- 
 [[0.]
 [0.]
 [0.]] 

STATUS: Passo 0 sem plastificação em algum ponto. Looping 0 encerrado 

TENSÃO ANTERIOR --------------------------------------------------------- 
 [[-139.71064598]
 [ -39.03140588]
 [  19.15452194]] 

DELTA_SIGMA ------------------------------------------------------------- 
 [[-139.71064598]
 [ -39.03140588]
 [  19.15452194]] 

STATUS: Passo 1 sem plastificação em algum ponto. Looping 0 encerrado 

TENSÃO ANTERIOR --------------------------------------------------------- 
 [[-279.42129196]
 [ -78.06281177]
 [  38.30904388]] 

DELTA_SIGMA ------------------------------------------------------------- 
 [[-139.71064598]
 [ -39.03140588]
 [  19.15452194]] 

STATUS: Passo 2 sem plastificação em algum ponto. Looping 0 encerrado 

TENSÃO ANTERIOR --------------------------------------------------------- 
 [[-419.13193794]
 [-117.09421765]
 [  57.46356582]] 

DELTA_SIGMA ------------------------------------------------------------- 
 [[-139.71064598]
 [ -39.03140588]
 [  19.15452194]] 

STATUS: Passo 3 com plastificação em algum ponto. Looping 0 continuado 

TENSÃO ANTERIOR --------------------------------------------------------- 
 [[-395.77307117]
 [-132.75581436]
 [  50.03980772]] 

DELTA_SIGMA ------------------------------------------------------------- 
 [[ -6.42317128]
 [-24.54026717]
 [ -3.44683085]] 

STATUS: Passo 3 com plastificação em algum ponto. Looping 0 continuado 

TENSÃO ANTERIOR --------------------------------------------------------- 
 [[-406.05010354]
 [-154.27167631]
 [  36.82458803]] 

DELTA_SIGMA ------------------------------------------------------------- 
 [[-113.60814861]
 [ -32.75011739]
 [   4.30647931]] 

STATUS: Passo 3 sem plastificação em algum ponto. Looping 0 encerrado 

[[ 0.        ]
 [ 0.        ]
 [ 0.        ]
 [ 0.        ]
 [ 0.        ]
 [ 0.        ]
 [ 0.        ]
 [ 0.        ]
 [ 0.        ]
 [ 0.        ]
 [-0.04788968]
 [ 0.02070448]
 [-0.01408165]
 [ 0.0177679 ]
 [ 0.00219654]
 [ 0.01778111]
 [ 0.00877899]
 [ 0.01810991]
 [ 0.00912741]
 [ 0.01592746]
 [-0.08780888]
 [ 0.06655522]
 [-0.0460242 ]
 [ 0.06428768]
 [-0.01369531]
 [ 0.06082101]
 [ 0.00813228]
 [ 0.05649741]
 [ 0.01619159]
 [ 0.05088203]
 [-0.13103999]
 [ 0.14083864]
 [-0.08777613]
 [ 0.13952233]
 [-0.05106175]
 [ 0.13733487]
 [-0.01886893]
 [ 0.13475379]
 [ 0.0101105 ]
 [ 0.13199791]
 [-0.17067741]
 [ 0.24492074]
 [-0.13521595]
 [ 0.24382426]
 [-0.10329361]
 [ 0.24118573]
 [-0.07432524]
 [ 0.23807303]
 [-0.04716975]
 [ 0.23546253]] [[-442.86778673 -328.24139089 -399.088638   -102.75470492 -163.40783452
    20.05252399  -46.75201382  155.9770609    86.66087064  160.8470395
   145.96461847  227.94250999  171.20331962  175.13011868  184.33495424
   188.67418234 -370.39261979 -207.33382743 -280.44103802  -96.44801882
  -277.3478663   -60.31432086  -90.52914626  154.36814945  -70.10531551
   116.97893239  140.80060052  351.90357213   81.19879618  169.42647765
   209.00417973  308.55893085 -303.25239495 -174.61025382 -214.24109447
   -64.3605366  -201.24790047  -64.58679547  -67.75645996   91.46696772
  -125.8160012    51.27942257   96.97655999  303.30988651  -39.28370739
   128.79380011  339.56300943  364.07553217 -125.1954945   -62.74820167
   -61.01458373   15.87139393 -119.13403856  -44.84842893   -4.38920681
    87.07227157  -94.66097697  -18.14670349   55.76823756  149.97367795
   -54.55538165   26.87712208  131.36101175  231.62184579]
 [-166.15049899  -86.44645616  -95.14300881   18.76895945  -49.07647888
     5.96162868  -14.24883155   46.56989087   24.65175817   46.90760882
    38.23637265   62.82974011   60.29860988   61.4766496    92.1594348
    93.46120323  -46.27553636    2.64210135  -21.07645736   34.1214484
   -66.4516416    -1.34157797   44.33534524  117.80453395   -5.85175244
    50.27352193  129.67908236  193.00997384   91.81661831  118.28492275
   190.69944732  220.56587265  -31.27135212    7.32129022  -13.19726082
    31.76690653   31.97210819   72.97043969   62.40489139  110.1719197
    76.53052458  129.65915171  128.37029283  190.27029079   75.04503849
   132.36059921  214.97577999  179.78860415   11.06251103   29.79669888
    35.57542534   58.64121864   51.66431207   73.94999496  118.57398745
   146.01243097   74.72937265   97.6836547   158.171992    186.43362412
    87.97605109  112.4058022   163.9196494   193.99789961]
 [  33.57048197   66.08677819  -62.68229029 -106.74764875   91.70319826
    91.75533609   11.63781755   11.69543139  107.83144667  109.12842941
    76.50290445   77.9361084   113.22220824  104.6132925   102.89885724
    93.38575297  -22.09761755  -21.64702112 -108.86936483 -108.36091879
   123.50775133  109.69990987   -3.05709547  -18.63765021  186.37894719
   168.15248282   68.3085233    47.74206283  210.21974694  194.94896597
   144.46748051  127.23616746   15.64021218   17.33283214  -71.43762345
   -69.4655572   110.87511906  112.76101351   18.97119937   21.16844912
   211.90548461  214.84731277   94.14886741   97.57638224  189.01352295
   182.93785586  167.86007941   80.30987238   67.86581375   67.12929749
     7.10881174    6.20200266  145.12864271  140.5786776    67.35778792
    61.75580744  194.87736791  189.51119506  111.67236664  105.0654598
   229.11627193  226.29148114  144.62981348  141.15189167]]