%HEADER
Output file created by FEMEP (version October/2021).
'File created by FEMEP program'

%HEADER.ANALYSIS
'plane_stress'

%NODE
1089

%NODE.COORD
1089
1 0.000000 44.000000 0.000000
2 0.000000 42.625000 0.000000
3 0.000000 41.250000 0.000000
4 0.000000 39.875000 0.000000
5 0.000000 38.500000 0.000000
6 0.000000 37.125000 0.000000
7 0.000000 35.750000 0.000000
8 0.000000 34.375000 0.000000
9 0.000000 33.000000 0.000000
10 0.000000 31.625000 0.000000
11 0.000000 30.250000 0.000000
12 0.000000 28.875000 0.000000
13 0.000000 27.500000 0.000000
14 0.000000 26.125000 0.000000
15 0.000000 24.750000 0.000000
16 0.000000 23.375000 0.000000
17 0.000000 22.000000 0.000000
18 0.000000 20.625000 0.000000
19 0.000000 19.250000 0.000000
20 0.000000 17.875000 0.000000
21 0.000000 16.500000 0.000000
22 0.000000 15.125000 0.000000
23 0.000000 13.750000 0.000000
24 0.000000 12.375000 0.000000
25 0.000000 11.000000 0.000000
26 0.000000 9.625000 0.000000
27 0.000000 8.250000 0.000000
28 0.000000 6.875000 0.000000
29 0.000000 5.500000 0.000000
30 0.000000 4.125000 0.000000
31 0.000000 2.750000 0.000000
32 0.000000 1.375000 0.000000
33 0.000000 0.000000 0.000000
34 1.500000 44.500000 0.000000
35 1.500000 43.152344 0.000000
36 1.500000 41.804688 0.000000
37 1.500000 40.457031 0.000000
38 1.500000 39.109375 0.000000
39 1.500000 37.761719 0.000000
40 1.500000 36.414062 0.000000
41 1.500000 35.066406 0.000000
42 1.500000 33.718750 0.000000
43 1.500000 32.371094 0.000000
44 1.500000 31.023438 0.000000
45 1.500000 29.675781 0.000000
46 1.500000 28.328125 0.000000
47 1.500000 26.980469 0.000000
48 1.500000 25.632812 0.000000
49 1.500000 24.285156 0.000000
50 1.500000 22.937500 0.000000
51 1.500000 21.589844 0.000000
52 1.500000 20.242188 0.000000
53 1.500000 18.894531 0.000000
54 1.500000 17.546875 0.000000
55 1.500000 16.199219 0.000000
56 1.500000 14.851562 0.000000
57 1.500000 13.503906 0.000000
58 1.500000 12.156250 0.000000
59 1.500000 10.808594 0.000000
60 1.500000 9.460938 0.000000
61 1.500000 8.113281 0.000000
62 1.500000 6.765625 0.000000
63 1.500000 5.417969 0.000000
64 1.500000 4.070312 0.000000
65 1.500000 2.722656 0.000000
66 1.500000 1.375000 0.000000
67 3.000000 45.000000 0.000000
68 3.000000 43.679688 0.000000
69 3.000000 42.359375 0.000000
70 3.000000 41.039062 0.000000
71 3.000000 39.718750 0.000000
72 3.000000 38.398438 0.000000
73 3.000000 37.078125 0.000000
74 3.000000 35.757812 0.000000
75 3.000000 34.437500 0.000000
76 3.000000 33.117188 0.000000
77 3.000000 31.796875 0.000000
78 3.000000 30.476562 0.000000
79 3.000000 29.156250 0.000000
80 3.000000 27.835938 0.000000
81 3.000000 26.515625 0.000000
82 3.000000 25.195312 0.000000
83 3.000000 23.875000 0.000000
84 3.000000 22.554688 0.000000
85 3.000000 21.234375 0.000000
86 3.000000 19.914062 0.000000
87 3.000000 18.593750 0.000000
88 3.000000 17.273438 0.000000
89 3.000000 15.953125 0.000000
90 3.000000 14.632812 0.000000
91 3.000000 13.312500 0.000000
92 3.000000 11.992188 0.000000
93 3.000000 10.671875 0.000000
94 3.000000 9.351562 0.000000
95 3.000000 8.031250 0.000000
96 3.000000 6.710938 0.000000
97 3.000000 5.390625 0.000000
98 3.000000 4.070312 0.000000
99 3.000000 2.750000 0.000000
100 4.500000 45.500000 0.000000
101 4.500000 44.207031 0.000000
102 4.500000 42.914062 0.000000
103 4.500000 41.621094 0.000000
104 4.500000 40.328125 0.000000
105 4.500000 39.035156 0.000000
106 4.500000 37.742188 0.000000
107 4.500000 36.449219 0.000000
108 4.500000 35.156250 0.000000
109 4.500000 33.863281 0.000000
110 4.500000 32.570312 0.000000
111 4.500000 31.277344 0.000000
112 4.500000 29.984375 0.000000
113 4.500000 28.691406 0.000000
114 4.500000 27.398438 0.000000
115 4.500000 26.105469 0.000000
116 4.500000 24.812500 0.000000
117 4.500000 23.519531 0.000000
118 4.500000 22.226562 0.000000
119 4.500000 20.933594 0.000000
120 4.500000 19.640625 0.000000
121 4.500000 18.347656 0.000000
122 4.500000 17.054688 0.000000
123 4.500000 15.761719 0.000000
124 4.500000 14.468750 0.000000
125 4.500000 13.175781 0.000000
126 4.500000 11.882812 0.000000
127 4.500000 10.589844 0.000000
128 4.500000 9.296875 0.000000
129 4.500000 8.003906 0.000000
130 4.500000 6.710938 0.000000
131 4.500000 5.417969 0.000000
132 4.500000 4.125000 0.000000
133 6.000000 46.000000 0.000000
134 6.000000 44.734375 0.000000
135 6.000000 43.468750 0.000000
136 6.000000 42.203125 0.000000
137 6.000000 40.937500 0.000000
138 6.000000 39.671875 0.000000
139 6.000000 38.406250 0.000000
140 6.000000 37.140625 0.000000
141 6.000000 35.875000 0.000000
142 6.000000 34.609375 0.000000
143 6.000000 33.343750 0.000000
144 6.000000 32.078125 0.000000
145 6.000000 30.812500 0.000000
146 6.000000 29.546875 0.000000
147 6.000000 28.281250 0.000000
148 6.000000 27.015625 0.000000
149 6.000000 25.750000 0.000000
150 6.000000 24.484375 0.000000
151 6.000000 23.218750 0.000000
152 6.000000 21.953125 0.000000
153 6.000000 20.687500 0.000000
154 6.000000 19.421875 0.000000
155 6.000000 18.156250 0.000000
156 6.000000 16.890625 0.000000
157 6.000000 15.625000 0.000000
158 6.000000 14.359375 0.000000
159 6.000000 13.093750 0.000000
160 6.000000 11.828125 0.000000
161 6.000000 10.562500 0.000000
162 6.000000 9.296875 0.000000
163 6.000000 8.031250 0.000000
164 6.000000 6.765625 0.000000
165 6.000000 5.500000 0.000000
166 7.500000 46.500000 0.000000
167 7.500000 45.261719 0.000000
168 7.500000 44.023438 0.000000
169 7.500000 42.785156 0.000000
170 7.500000 41.546875 0.000000
171 7.500000 40.308594 0.000000
172 7.500000 39.070312 0.000000
173 7.500000 37.832031 0.000000
174 7.500000 36.593750 0.000000
175 7.500000 35.355469 0.000000
176 7.500000 34.117188 0.000000
177 7.500000 32.878906 0.000000
178 7.500000 31.640625 0.000000
179 7.500000 30.402344 0.000000
180 7.500000 29.164062 0.000000
181 7.500000 27.925781 0.000000
182 7.500000 26.687500 0.000000
183 7.500000 25.449219 0.000000
184 7.500000 24.210937 0.000000
185 7.500000 22.972656 0.000000
186 7.500000 21.734375 0.000000
187 7.500000 20.496094 0.000000
188 7.500000 19.257812 0.000000
189 7.500000 18.019531 0.000000
190 7.500000 16.781250 0.000000
191 7.500000 15.542969 0.000000
192 7.500000 14.304688 0.000000
193 7.500000 13.066406 0.000000
194 7.500000 11.828125 0.000000
195 7.500000 10.589844 0.000000
196 7.500000 9.351562 0.000000
197 7.500000 8.113281 0.000000
198 7.500000 6.875000 0.000000
199 9.000000 47.000000 0.000000
200 9.000000 45.789062 0.000000
201 9.000000 44.578125 0.000000
202 9.000000 43.367188 0.000000
203 9.000000 42.156250 0.000000
204 9.000000 40.945312 0.000000
205 9.000000 39.734375 0.000000
206 9.000000 38.523438 0.000000
207 9.000000 37.312500 0.000000
208 9.000000 36.101562 0.000000
209 9.000000 34.890625 0.000000
210 9.000000 33.679688 0.000000
211 9.000000 32.468750 0.000000
212 9.000000 31.257812 0.000000
213 9.000000 30.046875 0.000000
214 9.000000 28.835938 0.000000
215 9.000000 27.625000 0.000000
216 9.000000 26.414062 0.000000
217 9.000000 25.203125 0.000000
218 9.000000 23.992187 0.000000
219 9.000000 22.781250 0.000000
220 9.000000 21.570312 0.000000
221 9.000000 20.359375 0.000000
222 9.000000 19.148438 0.000000
223 9.000000 17.937500 0.000000
224 9.000000 16.726562 0.000000
225 9.000000 15.515625 0.000000
226 9.000000 14.304688 0.000000
227 9.000000 13.093750 0.000000
228 9.000000 11.882812 0.000000
229 9.000000 10.671875 0.000000
230 9.000000 9.460938 0.000000
231 9.000000 8.250000 0.000000
232 10.500000 47.500000 0.000000
233 10.500000 46.316406 0.000000
234 10.500000 45.132812 0.000000
235 10.500000 43.949219 0.000000
236 10.500000 42.765625 0.000000
237 10.500000 41.582031 0.000000
238 10.500000 40.398438 0.000000
239 10.500000 39.214844 0.000000
240 10.500000 38.031250 0.000000
241 10.500000 36.847656 0.000000
242 10.500000 35.664062 0.000000
243 10.500000 34.480469 0.000000
244 10.500000 33.296875 0.000000
245 10.500000 32.113281 0.000000
246 10.500000 30.929688 0.000000
247 10.500000 29.746094 0.000000
248 10.500000 28.562500 0.000000
249 10.500000 27.378906 0.000000
250 10.500000 26.195312 0.000000
251 10.500000 25.011719 0.000000
252 10.500000 23.828125 0.000000
253 10.500000 22.644531 0.000000
254 10.500000 21.460938 0.000000
255 10.500000 20.277344 0.000000
256 10.500000 19.093750 0.000000
257 10.500000 17.910156 0.000000
258 10.500000 16.726562 0.000000
259 10.500000 15.542969 0.000000
260 10.500000 14.359375 0.000000
261 10.500000 13.175781 0.000000
262 10.500000 11.992188 0.000000
263 10.500000 10.808594 0.000000
264 10.500000 9.625000 0.000000
265 12.000000 48.000000 0.000000
266 12.000000 46.843750 0.000000
267 12.000000 45.687500 0.000000
268 12.000000 44.531250 0.000000
269 12.000000 43.375000 0.000000
270 12.000000 42.218750 0.000000
271 12.000000 41.062500 0.000000
272 12.000000 39.906250 0.000000
273 12.000000 38.750000 0.000000
274 12.000000 37.593750 0.000000
275 12.000000 36.437500 0.000000
276 12.000000 35.281250 0.000000
277 12.000000 34.125000 0.000000
278 12.000000 32.968750 0.000000
279 12.000000 31.812500 0.000000
280 12.000000 30.656250 0.000000
281 12.000000 29.500000 0.000000
282 12.000000 28.343750 0.000000
283 12.000000 27.187500 0.000000
284 12.000000 26.031250 0.000000
285 12.000000 24.875000 0.000000
286 12.000000 23.718750 0.000000
287 12.000000 22.562500 0.000000
288 12.000000 21.406250 0.000000
289 12.000000 20.250000 0.000000
290 12.000000 19.093750 0.000000
291 12.000000 17.937500 0.000000
292 12.000000 16.781250 0.000000
293 12.000000 15.625000 0.000000
294 12.000000 14.468750 0.000000
295 12.000000 13.312500 0.000000
296 12.000000 12.156250 0.000000
297 12.000000 11.000000 0.000000
298 13.500000 48.500000 0.000000
299 13.500000 47.371094 0.000000
300 13.500000 46.242188 0.000000
301 13.500000 45.113281 0.000000
302 13.500000 43.984375 0.000000
303 13.500000 42.855469 0.000000
304 13.500000 41.726562 0.000000
305 13.500000 40.597656 0.000000
306 13.500000 39.468750 0.000000
307 13.500000 38.339844 0.000000
308 13.500000 37.210938 0.000000
309 13.500000 36.082031 0.000000
310 13.500000 34.953125 0.000000
311 13.500000 33.824219 0.000000
312 13.500000 32.695312 0.000000
313 13.500000 31.566406 0.000000
314 13.500000 30.437500 0.000000
315 13.500000 29.308594 0.000000
316 13.500000 28.179688 0.000000
317 13.500000 27.050781 0.000000
318 13.500000 25.921875 0.000000
319 13.500000 24.792969 0.000000
320 13.500000 23.664062 0.000000
321 13.500000 22.535156 0.000000
322 13.500000 21.406250 0.000000
323 13.500000 20.277344 0.000000
324 13.500000 19.148438 0.000000
325 13.500000 18.019531 0.000000
326 13.500000 16.890625 0.000000
327 13.500000 15.761719 0.000000
328 13.500000 14.632812 0.000000
329 13.500000 13.503906 0.000000
330 13.500000 12.375000 0.000000
331 15.000000 49.000000 0.000000
332 15.000000 47.898438 0.000000
333 15.000000 46.796875 0.000000
334 15.000000 45.695312 0.000000
335 15.000000 44.593750 0.000000
336 15.000000 43.492188 0.000000
337 15.000000 42.390625 0.000000
338 15.000000 41.289062 0.000000
339 15.000000 40.187500 0.000000
340 15.000000 39.085938 0.000000
341 15.000000 37.984375 0.000000
342 15.000000 36.882812 0.000000
343 15.000000 35.781250 0.000000
344 15.000000 34.679688 0.000000
345 15.000000 33.578125 0.000000
346 15.000000 32.476562 0.000000
347 15.000000 31.375000 0.000000
348 15.000000 30.273438 0.000000
349 15.000000 29.171875 0.000000
350 15.000000 28.070312 0.000000
351 15.000000 26.968750 0.000000
352 15.000000 25.867188 0.000000
353 15.000000 24.765625 0.000000
354 15.000000 23.664062 0.000000
355 15.000000 22.562500 0.000000
356 15.000000 21.460938 0.000000
357 15.000000 20.359375 0.000000
358 15.000000 19.257812 0.000000
359 15.000000 18.156250 0.000000
360 15.000000 17.054688 0.000000
361 15.000000 15.953125 0.000000
362 15.000000 14.851562 0.000000
363 15.000000 13.750000 0.000000
364 16.500000 49.500000 0.000000
365 16.500000 48.425781 0.000000
366 16.500000 47.351562 0.000000
367 16.500000 46.277344 0.000000
368 16.500000 45.203125 0.000000
369 16.500000 44.128906 0.000000
370 16.500000 43.054688 0.000000
371 16.500000 41.980469 0.000000
372 16.500000 40.906250 0.000000
373 16.500000 39.832031 0.000000
374 16.500000 38.757812 0.000000
375 16.500000 37.683594 0.000000
376 16.500000 36.609375 0.000000
377 16.500000 35.535156 0.000000
378 16.500000 34.460938 0.000000
379 16.500000 33.386719 0.000000
380 16.500000 32.312500 0.000000
381 16.500000 31.238281 0.000000
382 16.500000 30.164062 0.000000
383 16.500000 29.089844 0.000000
384 16.500000 28.015625 0.000000
385 16.500000 26.941406 0.000000
386 16.500000 25.867188 0.000000
387 16.500000 24.792969 0.000000
388 16.500000 23.718750 0.000000
389 16.500000 22.644531 0.000000
390 16.500000 21.570312 0.000000
391 16.500000 20.496094 0.000000
392 16.500000 19.421875 0.000000
393 16.500000 18.347656 0.000000
394 16.500000 17.273438 0.000000
395 16.500000 16.199219 0.000000
396 16.500000 15.125000 0.000000
397 18.000000 50.000000 0.000000
398 18.000000 48.953125 0.000000
399 18.000000 47.906250 0.000000
400 18.000000 46.859375 0.000000
401 18.000000 45.812500 0.000000
402 18.000000 44.765625 0.000000
403 18.000000 43.718750 0.000000
404 18.000000 42.671875 0.000000
405 18.000000 41.625000 0.000000
406 18.000000 40.578125 0.000000
407 18.000000 39.531250 0.000000
408 18.000000 38.484375 0.000000
409 18.000000 37.437500 0.000000
410 18.000000 36.390625 0.000000
411 18.000000 35.343750 0.000000
412 18.000000 34.296875 0.000000
413 18.000000 33.250000 0.000000
414 18.000000 32.203125 0.000000
415 18.000000 31.156250 0.000000
416 18.000000 30.109375 0.000000
417 18.000000 29.062500 0.000000
418 18.000000 28.015625 0.000000
419 18.000000 26.968750 0.000000
420 18.000000 25.921875 0.000000
421 18.000000 24.875000 0.000000
422 18.000000 23.828125 0.000000
423 18.000000 22.781250 0.000000
424 18.000000 21.734375 0.000000
425 18.000000 20.687500 0.000000
426 18.000000 19.640625 0.000000
427 18.000000 18.593750 0.000000
428 18.000000 17.546875 0.000000
429 18.000000 16.500000 0.000000
430 19.500000 50.500000 0.000000
431 19.500000 49.480469 0.000000
432 19.500000 48.460938 0.000000
433 19.500000 47.441406 0.000000
434 19.500000 46.421875 0.000000
435 19.500000 45.402344 0.000000
436 19.500000 44.382812 0.000000
437 19.500000 43.363281 0.000000
438 19.500000 42.343750 0.000000
439 19.500000 41.324219 0.000000
440 19.500000 40.304688 0.000000
441 19.500000 39.285156 0.000000
442 19.500000 38.265625 0.000000
443 19.500000 37.246094 0.000000
444 19.500000 36.226562 0.000000
445 19.500000 35.207031 0.000000
446 19.500000 34.187500 0.000000
447 19.500000 33.167969 0.000000
448 19.500000 32.148438 0.000000
449 19.500000 31.128906 0.000000
450 19.500000 30.109375 0.000000
451 19.500000 29.089844 0.000000
452 19.500000 28.070312 0.000000
453 19.500000 27.050781 0.000000
454 19.500000 26.031250 0.000000
455 19.500000 25.011719 0.000000
456 19.500000 23.992188 0.000000
457 19.500000 22.972656 0.000000
458 19.500000 21.953125 0.000000
459 19.500000 20.933594 0.000000
460 19.500000 19.914062 0.000000
461 19.500000 18.894531 0.000000
462 19.500000 17.875000 0.000000
463 21.000000 51.000000 0.000000
464 21.000000 50.007812 0.000000
465 21.000000 49.015625 0.000000
466 21.000000 48.023438 0.000000
467 21.000000 47.031250 0.000000
468 21.000000 46.039062 0.000000
469 21.000000 45.046875 0.000000
470 21.000000 44.054687 0.000000
471 21.000000 43.062500 0.000000
472 21.000000 42.070312 0.000000
473 21.000000 41.078125 0.000000
474 21.000000 40.085938 0.000000
475 21.000000 39.093750 0.000000
476 21.000000 38.101562 0.000000
477 21.000000 37.109375 0.000000
478 21.000000 36.117188 0.000000
479 21.000000 35.125000 0.000000
480 21.000000 34.132812 0.000000
481 21.000000 33.140625 0.000000
482 21.000000 32.148438 0.000000
483 21.000000 31.156250 0.000000
484 21.000000 30.164062 0.000000
485 21.000000 29.171875 0.000000
486 21.000000 28.179688 0.000000
487 21.000000 27.187500 0.000000
488 21.000000 26.195312 0.000000
489 21.000000 25.203125 0.000000
490 21.000000 24.210938 0.000000
491 21.000000 23.218750 0.000000
492 21.000000 22.226562 0.000000
493 21.000000 21.234375 0.000000
494 21.000000 20.242188 0.000000
495 21.000000 19.250000 0.000000
496 22.500000 51.500000 0.000000
497 22.500000 50.535156 0.000000
498 22.500000 49.570312 0.000000
499 22.500000 48.605469 0.000000
500 22.500000 47.640625 0.000000
501 22.500000 46.675781 0.000000
502 22.500000 45.710937 0.000000
503 22.500000 44.746094 0.000000
504 22.500000 43.781250 0.000000
505 22.500000 42.816406 0.000000
506 22.500000 41.851562 0.000000
507 22.500000 40.886719 0.000000
508 22.500000 39.921875 0.000000
509 22.500000 38.957031 0.000000
510 22.500000 37.992188 0.000000
511 22.500000 37.027344 0.000000
512 22.500000 36.062500 0.000000
513 22.500000 35.097656 0.000000
514 22.500000 34.132812 0.000000
515 22.500000 33.167969 0.000000
516 22.500000 32.203125 0.000000
517 22.500000 31.238281 0.000000
518 22.500000 30.273438 0.000000
519 22.500000 29.308594 0.000000
520 22.500000 28.343750 0.000000
521 22.500000 27.378906 0.000000
522 22.500000 26.414062 0.000000
523 22.500000 25.449219 0.000000
524 22.500000 24.484375 0.000000
525 22.500000 23.519531 0.000000
526 22.500000 22.554688 0.000000
527 22.500000 21.589844 0.000000
528 22.500000 20.625000 0.000000
529 24.000000 52.000000 0.000000
530 24.000000 51.062500 0.000000
531 24.000000 50.125000 0.000000
532 24.000000 49.187500 0.000000
533 24.000000 48.250000 0.000000
534 24.000000 47.312500 0.000000
535 24.000000 46.375000 0.000000
536 24.000000 45.437500 0.000000
537 24.000000 44.500000 0.000000
538 24.000000 43.562500 0.000000
539 24.000000 42.625000 0.000000
540 24.000000 41.687500 0.000000
541 24.000000 40.750000 0.000000
542 24.000000 39.812500 0.000000
543 24.000000 38.875000 0.000000
544 24.000000 37.937500 0.000000
545 24.000000 37.000000 0.000000
546 24.000000 36.062500 0.000000
547 24.000000 35.125000 0.000000
548 24.000000 34.187500 0.000000
549 24.000000 33.250000 0.000000
550 24.000000 32.312500 0.000000
551 24.000000 31.375000 0.000000
552 24.000000 30.437500 0.000000
553 24.000000 29.500000 0.000000
554 24.000000 28.562500 0.000000
555 24.000000 27.625000 0.000000
556 24.000000 26.687500 0.000000
557 24.000000 25.750000 0.000000
558 24.000000 24.812500 0.000000
559 24.000000 23.875000 0.000000
560 24.000000 22.937500 0.000000
561 24.000000 22.000000 0.000000
562 25.500000 52.500000 0.000000
563 25.500000 51.589844 0.000000
564 25.500000 50.679688 0.000000
565 25.500000 49.769531 0.000000
566 25.500000 48.859375 0.000000
567 25.500000 47.949219 0.000000
568 25.500000 47.039062 0.000000
569 25.500000 46.128906 0.000000
570 25.500000 45.218750 0.000000
571 25.500000 44.308594 0.000000
572 25.500000 43.398437 0.000000
573 25.500000 42.488281 0.000000
574 25.500000 41.578125 0.000000
575 25.500000 40.667969 0.000000
576 25.500000 39.757812 0.000000
577 25.500000 38.847656 0.000000
578 25.500000 37.937500 0.000000
579 25.500000 37.027344 0.000000
580 25.500000 36.117187 0.000000
581 25.500000 35.207031 0.000000
582 25.500000 34.296875 0.000000
583 25.500000 33.386719 0.000000
584 25.500000 32.476562 0.000000
585 25.500000 31.566406 0.000000
586 25.500000 30.656250 0.000000
587 25.500000 29.746094 0.000000
588 25.500000 28.835938 0.000000
589 25.500000 27.925781 0.000000
590 25.500000 27.015625 0.000000
591 25.500000 26.105469 0.000000
592 25.500000 25.195312 0.000000
593 25.500000 24.285156 0.000000
594 25.500000 23.375000 0.000000
595 27.000000 53.000000 0.000000
596 27.000000 52.117188 0.000000
597 27.000000 51.234375 0.000000
598 27.000000 50.351562 0.000000
599 27.000000 49.468750 0.000000
600 27.000000 48.585937 0.000000
601 27.000000 47.703125 0.000000
602 27.000000 46.820312 0.000000
603 27.000000 45.937500 0.000000
604 27.000000 45.054687 0.000000
605 27.000000 44.171875 0.000000
606 27.000000 43.289062 0.000000
607 27.000000 42.406250 0.000000
608 27.000000 41.523438 0.000000
609 27.000000 40.640625 0.000000
610 27.000000 39.757812 0.000000
611 27.000000 38.875000 0.000000
612 27.000000 37.992188 0.000000
613 27.000000 37.109375 0.000000
614 27.000000 36.226562 0.000000
615 27.000000 35.343750 0.000000
616 27.000000 34.460938 0.000000
617 27.000000 33.578125 0.000000
618 27.000000 32.695312 0.000000
619 27.000000 31.812500 0.000000
620 27.000000 30.929688 0.000000
621 27.000000 30.046875 0.000000
622 27.000000 29.164062 0.000000
623 27.000000 28.281250 0.000000
624 27.000000 27.398438 0.000000
625 27.000000 26.515625 0.000000
626 27.000000 25.632812 0.000000
627 27.000000 24.750000 0.000000
628 28.500000 53.500000 0.000000
629 28.500000 52.644531 0.000000
630 28.500000 51.789062 0.000000
631 28.500000 50.933594 0.000000
632 28.500000 50.078125 0.000000
633 28.500000 49.222656 0.000000
634 28.500000 48.367188 0.000000
635 28.500000 47.511719 0.000000
636 28.500000 46.656250 0.000000
637 28.500000 45.800781 0.000000
638 28.500000 44.945312 0.000000
639 28.500000 44.089844 0.000000
640 28.500000 43.234375 0.000000
641 28.500000 42.378906 0.000000
642 28.500000 41.523438 0.000000
643 28.500000 40.667969 0.000000
644 28.500000 39.812500 0.000000
645 28.500000 38.957031 0.000000
646 28.500000 38.101562 0.000000
647 28.500000 37.246094 0.000000
648 28.500000 36.390625 0.000000
649 28.500000 35.535156 0.000000
650 28.500000 34.679688 0.000000
651 28.500000 33.824219 0.000000
652 28.500000 32.968750 0.000000
653 28.500000 32.113281 0.000000
654 28.500000 31.257812 0.000000
655 28.500000 30.402344 0.000000
656 28.500000 29.546875 0.000000
657 28.500000 28.691406 0.000000
658 28.500000 27.835938 0.000000
659 28.500000 26.980469 0.000000
660 28.500000 26.125000 0.000000
661 30.000000 54.000000 0.000000
662 30.000000 53.171875 0.000000
663 30.000000 52.343750 0.000000
664 30.000000 51.515625 0.000000
665 30.000000 50.687500 0.000000
666 30.000000 49.859375 0.000000
667 30.000000 49.031250 0.000000
668 30.000000 48.203125 0.000000
669 30.000000 47.375000 0.000000
670 30.000000 46.546875 0.000000
671 30.000000 45.718750 0.000000
672 30.000000 44.890625 0.000000
673 30.000000 44.062500 0.000000
674 30.000000 43.234375 0.000000
675 30.000000 42.406250 0.000000
676 30.000000 41.578125 0.000000
677 30.000000 40.750000 0.000000
678 30.000000 39.921875 0.000000
679 30.000000 39.093750 0.000000
680 30.000000 38.265625 0.000000
681 30.000000 37.437500 0.000000
682 30.000000 36.609375 0.000000
683 30.000000 35.781250 0.000000
684 30.000000 34.953125 0.000000
685 30.000000 34.125000 0.000000
686 30.000000 33.296875 0.000000
687 30.000000 32.468750 0.000000
688 30.000000 31.640625 0.000000
689 30.000000 30.812500 0.000000
690 30.000000 29.984375 0.000000
691 30.000000 29.156250 0.000000
692 30.000000 28.328125 0.000000
693 30.000000 27.500000 0.000000
694 31.500000 54.500000 0.000000
695 31.500000 53.699219 0.000000
696 31.500000 52.898438 0.000000
697 31.500000 52.097656 0.000000
698 31.500000 51.296875 0.000000
699 31.500000 50.496094 0.000000
700 31.500000 49.695312 0.000000
701 31.500000 48.894531 0.000000
702 31.500000 48.093750 0.000000
703 31.500000 47.292969 0.000000
704 31.500000 46.492188 0.000000
705 31.500000 45.691406 0.000000
706 31.500000 44.890625 0.000000
707 31.500000 44.089844 0.000000
708 31.500000 43.289062 0.000000
709 31.500000 42.488281 0.000000
710 31.500000 41.687500 0.000000
711 31.500000 40.886719 0.000000
712 31.500000 40.085938 0.000000
713 31.500000 39.285156 0.000000
714 31.500000 38.484375 0.000000
715 31.500000 37.683594 0.000000
716 31.500000 36.882812 0.000000
717 31.500000 36.082031 0.000000
718 31.500000 35.281250 0.000000
719 31.500000 34.480469 0.000000
720 31.500000 33.679688 0.000000
721 31.500000 32.878906 0.000000
722 31.500000 32.078125 0.000000
723 31.500000 31.277344 0.000000
724 31.500000 30.476562 0.000000
725 31.500000 29.675781 0.000000
726 31.500000 28.875000 0.000000
727 33.000000 55.000000 0.000000
728 33.000000 54.226562 0.000000
729 33.000000 53.453125 0.000000
730 33.000000 52.679688 0.000000
731 33.000000 51.906250 0.000000
732 33.000000 51.132812 0.000000
733 33.000000 50.359375 0.000000
734 33.000000 49.585938 0.000000
735 33.000000 48.812500 0.000000
736 33.000000 48.039062 0.000000
737 33.000000 47.265625 0.000000
738 33.000000 46.492188 0.000000
739 33.000000 45.718750 0.000000
740 33.000000 44.945312 0.000000
741 33.000000 44.171875 0.000000
742 33.000000 43.398438 0.000000
743 33.000000 42.625000 0.000000
744 33.000000 41.851562 0.000000
745 33.000000 41.078125 0.000000
746 33.000000 40.304688 0.000000
747 33.000000 39.531250 0.000000
748 33.000000 38.757812 0.000000
749 33.000000 37.984375 0.000000
750 33.000000 37.210938 0.000000
751 33.000000 36.437500 0.000000
752 33.000000 35.664062 0.000000
753 33.000000 34.890625 0.000000
754 33.000000 34.117188 0.000000
755 33.000000 33.343750 0.000000
756 33.000000 32.570312 0.000000
757 33.000000 31.796875 0.000000
758 33.000000 31.023438 0.000000
759 33.000000 30.250000 0.000000
760 34.500000 55.500000 0.000000
761 34.500000 54.753906 0.000000
762 34.500000 54.007812 0.000000
763 34.500000 53.261719 0.000000
764 34.500000 52.515625 0.000000
765 34.500000 51.769531 0.000000
766 34.500000 51.023438 0.000000
767 34.500000 50.277344 0.000000
768 34.500000 49.531250 0.000000
769 34.500000 48.785156 0.000000
770 34.500000 48.039062 0.000000
771 34.500000 47.292969 0.000000
772 34.500000 46.546875 0.000000
773 34.500000 45.800781 0.000000
774 34.500000 45.054688 0.000000
775 34.500000 44.308594 0.000000
776 34.500000 43.562500 0.000000
777 34.500000 42.816406 0.000000
778 34.500000 42.070312 0.000000
779 34.500000 41.324219 0.000000
780 34.500000 40.578125 0.000000
781 34.500000 39.832031 0.000000
782 34.500000 39.085938 0.000000
783 34.500000 38.339844 0.000000
784 34.500000 37.593750 0.000000
785 34.500000 36.847656 0.000000
786 34.500000 36.101562 0.000000
787 34.500000 35.355469 0.000000
788 34.500000 34.609375 0.000000
789 34.500000 33.863281 0.000000
790 34.500000 33.117188 0.000000
791 34.500000 32.371094 0.000000
792 34.500000 31.625000 0.000000
793 36.000000 56.000000 0.000000
794 36.000000 55.281250 0.000000
795 36.000000 54.562500 0.000000
796 36.000000 53.843750 0.000000
797 36.000000 53.125000 0.000000
798 36.000000 52.406250 0.000000
799 36.000000 51.687500 0.000000
800 36.000000 50.968750 0.000000
801 36.000000 50.250000 0.000000
802 36.000000 49.531250 0.000000
803 36.000000 48.812500 0.000000
804 36.000000 48.093750 0.000000
805 36.000000 47.375000 0.000000
806 36.000000 46.656250 0.000000
807 36.000000 45.937500 0.000000
808 36.000000 45.218750 0.000000
809 36.000000 44.500000 0.000000
810 36.000000 43.781250 0.000000
811 36.000000 43.062500 0.000000
812 36.000000 42.343750 0.000000
813 36.000000 41.625000 0.000000
814 36.000000 40.906250 0.000000
815 36.000000 40.187500 0.000000
816 36.000000 39.468750 0.000000
817 36.000000 38.750000 0.000000
818 36.000000 38.031250 0.000000
819 36.000000 37.312500 0.000000
820 36.000000 36.593750 0.000000
821 36.000000 35.875000 0.000000
822 36.000000 35.156250 0.000000
823 36.000000 34.437500 0.000000
824 36.000000 33.718750 0.000000
825 36.000000 33.000000 0.000000
826 37.500000 56.500000 0.000000
827 37.500000 55.808594 0.000000
828 37.500000 55.117188 0.000000
829 37.500000 54.425781 0.000000
830 37.500000 53.734375 0.000000
831 37.500000 53.042969 0.000000
832 37.500000 52.351562 0.000000
833 37.500000 51.660156 0.000000
834 37.500000 50.968750 0.000000
835 37.500000 50.277344 0.000000
836 37.500000 49.585938 0.000000
837 37.500000 48.894531 0.000000
838 37.500000 48.203125 0.000000
839 37.500000 47.511719 0.000000
840 37.500000 46.820312 0.000000
841 37.500000 46.128906 0.000000
842 37.500000 45.437500 0.000000
843 37.500000 44.746094 0.000000
844 37.500000 44.054688 0.000000
845 37.500000 43.363281 0.000000
846 37.500000 42.671875 0.000000
847 37.500000 41.980469 0.000000
848 37.500000 41.289062 0.000000
849 37.500000 40.597656 0.000000
850 37.500000 39.906250 0.000000
851 37.500000 39.214844 0.000000
852 37.500000 38.523438 0.000000
853 37.500000 37.832031 0.000000
854 37.500000 37.140625 0.000000
855 37.500000 36.449219 0.000000
856 37.500000 35.757812 0.000000
857 37.500000 35.066406 0.000000
858 37.500000 34.375000 0.000000
859 39.000000 57.000000 0.000000
860 39.000000 56.335938 0.000000
861 39.000000 55.671875 0.000000
862 39.000000 55.007812 0.000000
863 39.000000 54.343750 0.000000
864 39.000000 53.679688 0.000000
865 39.000000 53.015625 0.000000
866 39.000000 52.351562 0.000000
867 39.000000 51.687500 0.000000
868 39.000000 51.023438 0.000000
869 39.000000 50.359375 0.000000
870 39.000000 49.695312 0.000000
871 39.000000 49.031250 0.000000
872 39.000000 48.367188 0.000000
873 39.000000 47.703125 0.000000
874 39.000000 47.039062 0.000000
875 39.000000 46.375000 0.000000
876 39.000000 45.710938 0.000000
877 39.000000 45.046875 0.000000
878 39.000000 44.382812 0.000000
879 39.000000 43.718750 0.000000
880 39.000000 43.054688 0.000000
881 39.000000 42.390625 0.000000
882 39.000000 41.726562 0.000000
883 39.000000 41.062500 0.000000
884 39.000000 40.398438 0.000000
885 39.000000 39.734375 0.000000
886 39.000000 39.070312 0.000000
887 39.000000 38.406250 0.000000
888 39.000000 37.742188 0.000000
889 39.000000 37.078125 0.000000
890 39.000000 36.414062 0.000000
891 39.000000 35.750000 0.000000
892 40.500000 57.500000 0.000000
893 40.500000 56.863281 0.000000
894 40.500000 56.226562 0.000000
895 40.500000 55.589844 0.000000
896 40.500000 54.953125 0.000000
897 40.500000 54.316406 0.000000
898 40.500000 53.679688 0.000000
899 40.500000 53.042969 0.000000
900 40.500000 52.406250 0.000000
901 40.500000 51.769531 0.000000
902 40.500000 51.132812 0.000000
903 40.500000 50.496094 0.000000
904 40.500000 49.859375 0.000000
905 40.500000 49.222656 0.000000
906 40.500000 48.585938 0.000000
907 40.500000 47.949219 0.000000
908 40.500000 47.312500 0.000000
909 40.500000 46.675781 0.000000
910 40.500000 46.039062 0.000000
911 40.500000 45.402344 0.000000
912 40.500000 44.765625 0.000000
913 40.500000 44.128906 0.000000
914 40.500000 43.492188 0.000000
915 40.500000 42.855469 0.000000
916 40.500000 42.218750 0.000000
917 40.500000 41.582031 0.000000
918 40.500000 40.945312 0.000000
919 40.500000 40.308594 0.000000
920 40.500000 39.671875 0.000000
921 40.500000 39.035156 0.000000
922 40.500000 38.398438 0.000000
923 40.500000 37.761719 0.000000
924 40.500000 37.125000 0.000000
925 42.000000 58.000000 0.000000
926 42.000000 57.390625 0.000000
927 42.000000 56.781250 0.000000
928 42.000000 56.171875 0.000000
929 42.000000 55.562500 0.000000
930 42.000000 54.953125 0.000000
931 42.000000 54.343750 0.000000
932 42.000000 53.734375 0.000000
933 42.000000 53.125000 0.000000
934 42.000000 52.515625 0.000000
935 42.000000 51.906250 0.000000
936 42.000000 51.296875 0.000000
937 42.000000 50.687500 0.000000
938 42.000000 50.078125 0.000000
939 42.000000 49.468750 0.000000
940 42.000000 48.859375 0.000000
941 42.000000 48.250000 0.000000
942 42.000000 47.640625 0.000000
943 42.000000 47.031250 0.000000
944 42.000000 46.421875 0.000000
945 42.000000 45.812500 0.000000
946 42.000000 45.203125 0.000000
947 42.000000 44.593750 0.000000
948 42.000000 43.984375 0.000000
949 42.000000 43.375000 0.000000
950 42.000000 42.765625 0.000000
951 42.000000 42.156250 0.000000
952 42.000000 41.546875 0.000000
953 42.000000 40.937500 0.000000
954 42.000000 40.328125 0.000000
955 42.000000 39.718750 0.000000
956 42.000000 39.109375 0.000000
957 42.000000 38.500000 0.000000
958 43.500000 58.500000 0.000000
959 43.500000 57.917969 0.000000
960 43.500000 57.335938 0.000000
961 43.500000 56.753906 0.000000
962 43.500000 56.171875 0.000000
963 43.500000 55.589844 0.000000
964 43.500000 55.007812 0.000000
965 43.500000 54.425781 0.000000
966 43.500000 53.843750 0.000000
967 43.500000 53.261719 0.000000
968 43.500000 52.679688 0.000000
969 43.500000 52.097656 0.000000
970 43.500000 51.515625 0.000000
971 43.500000 50.933594 0.000000
972 43.500000 50.351562 0.000000
973 43.500000 49.769531 0.000000
974 43.500000 49.187500 0.000000
975 43.500000 48.605469 0.000000
976 43.500000 48.023438 0.000000
977 43.500000 47.441406 0.000000
978 43.500000 46.859375 0.000000
979 43.500000 46.277344 0.000000
980 43.500000 45.695312 0.000000
981 43.500000 45.113281 0.000000
982 43.500000 44.531250 0.000000
983 43.500000 43.949219 0.000000
984 43.500000 43.367188 0.000000
985 43.500000 42.785156 0.000000
986 43.500000 42.203125 0.000000
987 43.500000 41.621094 0.000000
988 43.500000 41.039062 0.000000
989 43.500000 40.457031 0.000000
990 43.500000 39.875000 0.000000
991 45.000000 59.000000 0.000000
992 45.000000 58.445312 0.000000
993 45.000000 57.890625 0.000000
994 45.000000 57.335938 0.000000
995 45.000000 56.781250 0.000000
996 45.000000 56.226562 0.000000
997 45.000000 55.671875 0.000000
998 45.000000 55.117188 0.000000
999 45.000000 54.562500 0.000000
1000 45.000000 54.007812 0.000000
1001 45.000000 53.453125 0.000000
1002 45.000000 52.898438 0.000000
1003 45.000000 52.343750 0.000000
1004 45.000000 51.789062 0.000000
1005 45.000000 51.234375 0.000000
1006 45.000000 50.679688 0.000000
1007 45.000000 50.125000 0.000000
1008 45.000000 49.570312 0.000000
1009 45.000000 49.015625 0.000000
1010 45.000000 48.460938 0.000000
1011 45.000000 47.906250 0.000000
1012 45.000000 47.351562 0.000000
1013 45.000000 46.796875 0.000000
1014 45.000000 46.242188 0.000000
1015 45.000000 45.687500 0.000000
1016 45.000000 45.132812 0.000000
1017 45.000000 44.578125 0.000000
1018 45.000000 44.023438 0.000000
1019 45.000000 43.468750 0.000000
1020 45.000000 42.914062 0.000000
1021 45.000000 42.359375 0.000000
1022 45.000000 41.804688 0.000000
1023 45.000000 41.250000 0.000000
1024 46.500000 59.500000 0.000000
1025 46.500000 58.972656 0.000000
1026 46.500000 58.445312 0.000000
1027 46.500000 57.917969 0.000000
1028 46.500000 57.390625 0.000000
1029 46.500000 56.863281 0.000000
1030 46.500000 56.335938 0.000000
1031 46.500000 55.808594 0.000000
1032 46.500000 55.281250 0.000000
1033 46.500000 54.753906 0.000000
1034 46.500000 54.226562 0.000000
1035 46.500000 53.699219 0.000000
1036 46.500000 53.171875 0.000000
1037 46.500000 52.644531 0.000000
1038 46.500000 52.117188 0.000000
1039 46.500000 51.589844 0.000000
1040 46.500000 51.062500 0.000000
1041 46.500000 50.535156 0.000000
1042 46.500000 50.007812 0.000000
1043 46.500000 49.480469 0.000000
1044 46.500000 48.953125 0.000000
1045 46.500000 48.425781 0.000000
1046 46.500000 47.898438 0.000000
1047 46.500000 47.371094 0.000000
1048 46.500000 46.843750 0.000000
1049 46.500000 46.316406 0.000000
1050 46.500000 45.789062 0.000000
1051 46.500000 45.261719 0.000000
1052 46.500000 44.734375 0.000000
1053 46.500000 44.207031 0.000000
1054 46.500000 43.679688 0.000000
1055 46.500000 43.152344 0.000000
1056 46.500000 42.625000 0.000000
1057 48.000000 60.000000 0.000000
1058 48.000000 59.500000 0.000000
1059 48.000000 59.000000 0.000000
1060 48.000000 58.500000 0.000000
1061 48.000000 58.000000 0.000000
1062 48.000000 57.500000 0.000000
1063 48.000000 57.000000 0.000000
1064 48.000000 56.500000 0.000000
1065 48.000000 56.000000 0.000000
1066 48.000000 55.500000 0.000000
1067 48.000000 55.000000 0.000000
1068 48.000000 54.500000 0.000000
1069 48.000000 54.000000 0.000000
1070 48.000000 53.500000 0.000000
1071 48.000000 53.000000 0.000000
1072 48.000000 52.500000 0.000000
1073 48.000000 52.000000 0.000000
1074 48.000000 51.500000 0.000000
1075 48.000000 51.000000 0.000000
1076 48.000000 50.500000 0.000000
1077 48.000000 50.000000 0.000000
1078 48.000000 49.500000 0.000000
1079 48.000000 49.000000 0.000000
1080 48.000000 48.500000 0.000000
1081 48.000000 48.000000 0.000000
1082 48.000000 47.500000 0.000000
1083 48.000000 47.000000 0.000000
1084 48.000000 46.500000 0.000000
1085 48.000000 46.000000 0.000000
1086 48.000000 45.500000 0.000000
1087 48.000000 45.000000 0.000000
1088 48.000000 44.500000 0.000000
1089 48.000000 44.000000 0.000000

%NODE.SUPPORT
33
1 1 1 0 0 0 0
2 1 1 0 0 0 0
3 1 1 0 0 0 0
4 1 1 0 0 0 0
5 1 1 0 0 0 0
6 1 1 0 0 0 0
7 1 1 0 0 0 0
8 1 1 0 0 0 0
9 1 1 0 0 0 0
10 1 1 0 0 0 0
11 1 1 0 0 0 0
12 1 1 0 0 0 0
13 1 1 0 0 0 0
14 1 1 0 0 0 0
15 1 1 0 0 0 0
16 1 1 0 0 0 0
17 1 1 0 0 0 0
18 1 1 0 0 0 0
19 1 1 0 0 0 0
20 1 1 0 0 0 0
21 1 1 0 0 0 0
22 1 1 0 0 0 0
23 1 1 0 0 0 0
24 1 1 0 0 0 0
25 1 1 0 0 0 0
26 1 1 0 0 0 0
27 1 1 0 0 0 0
28 1 1 0 0 0 0
29 1 1 0 0 0 0
30 1 1 0 0 0 0
31 1 1 0 0 0 0
32 1 1 0 0 0 0
33 1 1 0 0 0 0

%MATERIAL
1

%MATERIAL.LABEL
1
1 'M1'

%MATERIAL.ISOTROPIC
1
1 206000.0 0.300000

%THICKNESS
1
1 1.000000

%INTEGRATION.ORDER
4
1 1 1 1 1 1 1
2 3 3 1 3 3 1
3 1 1 1 1 1 1
4 2 2 1 2 2 1

%ELEMENT
1024

%ELEMENT.Q4
1024
1 1 1 3 1 2 35 34
2 1 1 3 2 3 36 35
3 1 1 3 3 4 37 36
4 1 1 3 4 5 38 37
5 1 1 3 5 6 39 38
6 1 1 3 6 7 40 39
7 1 1 3 7 8 41 40
8 1 1 3 8 9 42 41
9 1 1 3 9 10 43 42
10 1 1 3 10 11 44 43
11 1 1 3 11 12 45 44
12 1 1 3 12 13 46 45
13 1 1 3 13 14 47 46
14 1 1 3 14 15 48 47
15 1 1 3 15 16 49 48
16 1 1 3 16 17 50 49
17 1 1 3 17 18 51 50
18 1 1 3 18 19 52 51
19 1 1 3 19 20 53 52
20 1 1 3 20 21 54 53
21 1 1 3 21 22 55 54
22 1 1 3 22 23 56 55
23 1 1 3 23 24 57 56
24 1 1 3 24 25 58 57
25 1 1 3 25 26 59 58
26 1 1 3 26 27 60 59
27 1 1 3 27 28 61 60
28 1 1 3 28 29 62 61
29 1 1 3 29 30 63 62
30 1 1 3 30 31 64 63
31 1 1 3 31 32 65 64
32 1 1 3 32 33 66 65
33 1 1 3 34 35 68 67
34 1 1 3 35 36 69 68
35 1 1 3 36 37 70 69
36 1 1 3 37 38 71 70
37 1 1 3 38 39 72 71
38 1 1 3 39 40 73 72
39 1 1 3 40 41 74 73
40 1 1 3 41 42 75 74
41 1 1 3 42 43 76 75
42 1 1 3 43 44 77 76
43 1 1 3 44 45 78 77
44 1 1 3 45 46 79 78
45 1 1 3 46 47 80 79
46 1 1 3 47 48 81 80
47 1 1 3 48 49 82 81
48 1 1 3 49 50 83 82
49 1 1 3 50 51 84 83
50 1 1 3 51 52 85 84
51 1 1 3 52 53 86 85
52 1 1 3 53 54 87 86
53 1 1 3 54 55 88 87
54 1 1 3 55 56 89 88
55 1 1 3 56 57 90 89
56 1 1 3 57 58 91 90
57 1 1 3 58 59 92 91
58 1 1 3 59 60 93 92
59 1 1 3 60 61 94 93
60 1 1 3 61 62 95 94
61 1 1 3 62 63 96 95
62 1 1 3 63 64 97 96
63 1 1 3 64 65 98 97
64 1 1 3 65 66 99 98
65 1 1 3 67 68 101 100
66 1 1 3 68 69 102 101
67 1 1 3 69 70 103 102
68 1 1 3 70 71 104 103
69 1 1 3 71 72 105 104
70 1 1 3 72 73 106 105
71 1 1 3 73 74 107 106
72 1 1 3 74 75 108 107
73 1 1 3 75 76 109 108
74 1 1 3 76 77 110 109
75 1 1 3 77 78 111 110
76 1 1 3 78 79 112 111
77 1 1 3 79 80 113 112
78 1 1 3 80 81 114 113
79 1 1 3 81 82 115 114
80 1 1 3 82 83 116 115
81 1 1 3 83 84 117 116
82 1 1 3 84 85 118 117
83 1 1 3 85 86 119 118
84 1 1 3 86 87 120 119
85 1 1 3 87 88 121 120
86 1 1 3 88 89 122 121
87 1 1 3 89 90 123 122
88 1 1 3 90 91 124 123
89 1 1 3 91 92 125 124
90 1 1 3 92 93 126 125
91 1 1 3 93 94 127 126
92 1 1 3 94 95 128 127
93 1 1 3 95 96 129 128
94 1 1 3 96 97 130 129
95 1 1 3 97 98 131 130
96 1 1 3 98 99 132 131
97 1 1 3 100 101 134 133
98 1 1 3 101 102 135 134
99 1 1 3 102 103 136 135
100 1 1 3 103 104 137 136
101 1 1 3 104 105 138 137
102 1 1 3 105 106 139 138
103 1 1 3 106 107 140 139
104 1 1 3 107 108 141 140
105 1 1 3 108 109 142 141
106 1 1 3 109 110 143 142
107 1 1 3 110 111 144 143
108 1 1 3 111 112 145 144
109 1 1 3 112 113 146 145
110 1 1 3 113 114 147 146
111 1 1 3 114 115 148 147
112 1 1 3 115 116 149 148
113 1 1 3 116 117 150 149
114 1 1 3 117 118 151 150
115 1 1 3 118 119 152 151
116 1 1 3 119 120 153 152
117 1 1 3 120 121 154 153
118 1 1 3 121 122 155 154
119 1 1 3 122 123 156 155
120 1 1 3 123 124 157 156
121 1 1 3 124 125 158 157
122 1 1 3 125 126 159 158
123 1 1 3 126 127 160 159
124 1 1 3 127 128 161 160
125 1 1 3 128 129 162 161
126 1 1 3 129 130 163 162
127 1 1 3 130 131 164 163
128 1 1 3 131 132 165 164
129 1 1 3 133 134 167 166
130 1 1 3 134 135 168 167
131 1 1 3 135 136 169 168
132 1 1 3 136 137 170 169
133 1 1 3 137 138 171 170
134 1 1 3 138 139 172 171
135 1 1 3 139 140 173 172
136 1 1 3 140 141 174 173
137 1 1 3 141 142 175 174
138 1 1 3 142 143 176 175
139 1 1 3 143 144 177 176
140 1 1 3 144 145 178 177
141 1 1 3 145 146 179 178
142 1 1 3 146 147 180 179
143 1 1 3 147 148 181 180
144 1 1 3 148 149 182 181
145 1 1 3 149 150 183 182
146 1 1 3 150 151 184 183
147 1 1 3 151 152 185 184
148 1 1 3 152 153 186 185
149 1 1 3 153 154 187 186
150 1 1 3 154 155 188 187
151 1 1 3 155 156 189 188
152 1 1 3 156 157 190 189
153 1 1 3 157 158 191 190
154 1 1 3 158 159 192 191
155 1 1 3 159 160 193 192
156 1 1 3 160 161 194 193
157 1 1 3 161 162 195 194
158 1 1 3 162 163 196 195
159 1 1 3 163 164 197 196
160 1 1 3 164 165 198 197
161 1 1 3 166 167 200 199
162 1 1 3 167 168 201 200
163 1 1 3 168 169 202 201
164 1 1 3 169 170 203 202
165 1 1 3 170 171 204 203
166 1 1 3 171 172 205 204
167 1 1 3 172 173 206 205
168 1 1 3 173 174 207 206
169 1 1 3 174 175 208 207
170 1 1 3 175 176 209 208
171 1 1 3 176 177 210 209
172 1 1 3 177 178 211 210
173 1 1 3 178 179 212 211
174 1 1 3 179 180 213 212
175 1 1 3 180 181 214 213
176 1 1 3 181 182 215 214
177 1 1 3 182 183 216 215
178 1 1 3 183 184 217 216
179 1 1 3 184 185 218 217
180 1 1 3 185 186 219 218
181 1 1 3 186 187 220 219
182 1 1 3 187 188 221 220
183 1 1 3 188 189 222 221
184 1 1 3 189 190 223 222
185 1 1 3 190 191 224 223
186 1 1 3 191 192 225 224
187 1 1 3 192 193 226 225
188 1 1 3 193 194 227 226
189 1 1 3 194 195 228 227
190 1 1 3 195 196 229 228
191 1 1 3 196 197 230 229
192 1 1 3 197 198 231 230
193 1 1 3 199 200 233 232
194 1 1 3 200 201 234 233
195 1 1 3 201 202 235 234
196 1 1 3 202 203 236 235
197 1 1 3 203 204 237 236
198 1 1 3 204 205 238 237
199 1 1 3 205 206 239 238
200 1 1 3 206 207 240 239
201 1 1 3 207 208 241 240
202 1 1 3 208 209 242 241
203 1 1 3 209 210 243 242
204 1 1 3 210 211 244 243
205 1 1 3 211 212 245 244
206 1 1 3 212 213 246 245
207 1 1 3 213 214 247 246
208 1 1 3 214 215 248 247
209 1 1 3 215 216 249 248
210 1 1 3 216 217 250 249
211 1 1 3 217 218 251 250
212 1 1 3 218 219 252 251
213 1 1 3 219 220 253 252
214 1 1 3 220 221 254 253
215 1 1 3 221 222 255 254
216 1 1 3 222 223 256 255
217 1 1 3 223 224 257 256
218 1 1 3 224 225 258 257
219 1 1 3 225 226 259 258
220 1 1 3 226 227 260 259
221 1 1 3 227 228 261 260
222 1 1 3 228 229 262 261
223 1 1 3 229 230 263 262
224 1 1 3 230 231 264 263
225 1 1 3 232 233 266 265
226 1 1 3 233 234 267 266
227 1 1 3 234 235 268 267
228 1 1 3 235 236 269 268
229 1 1 3 236 237 270 269
230 1 1 3 237 238 271 270
231 1 1 3 238 239 272 271
232 1 1 3 239 240 273 272
233 1 1 3 240 241 274 273
234 1 1 3 241 242 275 274
235 1 1 3 242 243 276 275
236 1 1 3 243 244 277 276
237 1 1 3 244 245 278 277
238 1 1 3 245 246 279 278
239 1 1 3 246 247 280 279
240 1 1 3 247 248 281 280
241 1 1 3 248 249 282 281
242 1 1 3 249 250 283 282
243 1 1 3 250 251 284 283
244 1 1 3 251 252 285 284
245 1 1 3 252 253 286 285
246 1 1 3 253 254 287 286
247 1 1 3 254 255 288 287
248 1 1 3 255 256 289 288
249 1 1 3 256 257 290 289
250 1 1 3 257 258 291 290
251 1 1 3 258 259 292 291
252 1 1 3 259 260 293 292
253 1 1 3 260 261 294 293
254 1 1 3 261 262 295 294
255 1 1 3 262 263 296 295
256 1 1 3 263 264 297 296
257 1 1 3 265 266 299 298
258 1 1 3 266 267 300 299
259 1 1 3 267 268 301 300
260 1 1 3 268 269 302 301
261 1 1 3 269 270 303 302
262 1 1 3 270 271 304 303
263 1 1 3 271 272 305 304
264 1 1 3 272 273 306 305
265 1 1 3 273 274 307 306
266 1 1 3 274 275 308 307
267 1 1 3 275 276 309 308
268 1 1 3 276 277 310 309
269 1 1 3 277 278 311 310
270 1 1 3 278 279 312 311
271 1 1 3 279 280 313 312
272 1 1 3 280 281 314 313
273 1 1 3 281 282 315 314
274 1 1 3 282 283 316 315
275 1 1 3 283 284 317 316
276 1 1 3 284 285 318 317
277 1 1 3 285 286 319 318
278 1 1 3 286 287 320 319
279 1 1 3 287 288 321 320
280 1 1 3 288 289 322 321
281 1 1 3 289 290 323 322
282 1 1 3 290 291 324 323
283 1 1 3 291 292 325 324
284 1 1 3 292 293 326 325
285 1 1 3 293 294 327 326
286 1 1 3 294 295 328 327
287 1 1 3 295 296 329 328
288 1 1 3 296 297 330 329
289 1 1 3 298 299 332 331
290 1 1 3 299 300 333 332
291 1 1 3 300 301 334 333
292 1 1 3 301 302 335 334
293 1 1 3 302 303 336 335
294 1 1 3 303 304 337 336
295 1 1 3 304 305 338 337
296 1 1 3 305 306 339 338
297 1 1 3 306 307 340 339
298 1 1 3 307 308 341 340
299 1 1 3 308 309 342 341
300 1 1 3 309 310 343 342
301 1 1 3 310 311 344 343
302 1 1 3 311 312 345 344
303 1 1 3 312 313 346 345
304 1 1 3 313 314 347 346
305 1 1 3 314 315 348 347
306 1 1 3 315 316 349 348
307 1 1 3 316 317 350 349
308 1 1 3 317 318 351 350
309 1 1 3 318 319 352 351
310 1 1 3 319 320 353 352
311 1 1 3 320 321 354 353
312 1 1 3 321 322 355 354
313 1 1 3 322 323 356 355
314 1 1 3 323 324 357 356
315 1 1 3 324 325 358 357
316 1 1 3 325 326 359 358
317 1 1 3 326 327 360 359
318 1 1 3 327 328 361 360
319 1 1 3 328 329 362 361
320 1 1 3 329 330 363 362
321 1 1 3 331 332 365 364
322 1 1 3 332 333 366 365
323 1 1 3 333 334 367 366
324 1 1 3 334 335 368 367
325 1 1 3 335 336 369 368
326 1 1 3 336 337 370 369
327 1 1 3 337 338 371 370
328 1 1 3 338 339 372 371
329 1 1 3 339 340 373 372
330 1 1 3 340 341 374 373
331 1 1 3 341 342 375 374
332 1 1 3 342 343 376 375
333 1 1 3 343 344 377 376
334 1 1 3 344 345 378 377
335 1 1 3 345 346 379 378
336 1 1 3 346 347 380 379
337 1 1 3 347 348 381 380
338 1 1 3 348 349 382 381
339 1 1 3 349 350 383 382
340 1 1 3 350 351 384 383
341 1 1 3 351 352 385 384
342 1 1 3 352 353 386 385
343 1 1 3 353 354 387 386
344 1 1 3 354 355 388 387
345 1 1 3 355 356 389 388
346 1 1 3 356 357 390 389
347 1 1 3 357 358 391 390
348 1 1 3 358 359 392 391
349 1 1 3 359 360 393 392
350 1 1 3 360 361 394 393
351 1 1 3 361 362 395 394
352 1 1 3 362 363 396 395
353 1 1 3 364 365 398 397
354 1 1 3 365 366 399 398
355 1 1 3 366 367 400 399
356 1 1 3 367 368 401 400
357 1 1 3 368 369 402 401
358 1 1 3 369 370 403 402
359 1 1 3 370 371 404 403
360 1 1 3 371 372 405 404
361 1 1 3 372 373 406 405
362 1 1 3 373 374 407 406
363 1 1 3 374 375 408 407
364 1 1 3 375 376 409 408
365 1 1 3 376 377 410 409
366 1 1 3 377 378 411 410
367 1 1 3 378 379 412 411
368 1 1 3 379 380 413 412
369 1 1 3 380 381 414 413
370 1 1 3 381 382 415 414
371 1 1 3 382 383 416 415
372 1 1 3 383 384 417 416
373 1 1 3 384 385 418 417
374 1 1 3 385 386 419 418
375 1 1 3 386 387 420 419
376 1 1 3 387 388 421 420
377 1 1 3 388 389 422 421
378 1 1 3 389 390 423 422
379 1 1 3 390 391 424 423
380 1 1 3 391 392 425 424
381 1 1 3 392 393 426 425
382 1 1 3 393 394 427 426
383 1 1 3 394 395 428 427
384 1 1 3 395 396 429 428
385 1 1 3 397 398 431 430
386 1 1 3 398 399 432 431
387 1 1 3 399 400 433 432
388 1 1 3 400 401 434 433
389 1 1 3 401 402 435 434
390 1 1 3 402 403 436 435
391 1 1 3 403 404 437 436
392 1 1 3 404 405 438 437
393 1 1 3 405 406 439 438
394 1 1 3 406 407 440 439
395 1 1 3 407 408 441 440
396 1 1 3 408 409 442 441
397 1 1 3 409 410 443 442
398 1 1 3 410 411 444 443
399 1 1 3 411 412 445 444
400 1 1 3 412 413 446 445
401 1 1 3 413 414 447 446
402 1 1 3 414 415 448 447
403 1 1 3 415 416 449 448
404 1 1 3 416 417 450 449
405 1 1 3 417 418 451 450
406 1 1 3 418 419 452 451
407 1 1 3 419 420 453 452
408 1 1 3 420 421 454 453
409 1 1 3 421 422 455 454
410 1 1 3 422 423 456 455
411 1 1 3 423 424 457 456
412 1 1 3 424 425 458 457
413 1 1 3 425 426 459 458
414 1 1 3 426 427 460 459
415 1 1 3 427 428 461 460
416 1 1 3 428 429 462 461
417 1 1 3 430 431 464 463
418 1 1 3 431 432 465 464
419 1 1 3 432 433 466 465
420 1 1 3 433 434 467 466
421 1 1 3 434 435 468 467
422 1 1 3 435 436 469 468
423 1 1 3 436 437 470 469
424 1 1 3 437 438 471 470
425 1 1 3 438 439 472 471
426 1 1 3 439 440 473 472
427 1 1 3 440 441 474 473
428 1 1 3 441 442 475 474
429 1 1 3 442 443 476 475
430 1 1 3 443 444 477 476
431 1 1 3 444 445 478 477
432 1 1 3 445 446 479 478
433 1 1 3 446 447 480 479
434 1 1 3 447 448 481 480
435 1 1 3 448 449 482 481
436 1 1 3 449 450 483 482
437 1 1 3 450 451 484 483
438 1 1 3 451 452 485 484
439 1 1 3 452 453 486 485
440 1 1 3 453 454 487 486
441 1 1 3 454 455 488 487
442 1 1 3 455 456 489 488
443 1 1 3 456 457 490 489
444 1 1 3 457 458 491 490
445 1 1 3 458 459 492 491
446 1 1 3 459 460 493 492
447 1 1 3 460 461 494 493
448 1 1 3 461 462 495 494
449 1 1 3 463 464 497 496
450 1 1 3 464 465 498 497
451 1 1 3 465 466 499 498
452 1 1 3 466 467 500 499
453 1 1 3 467 468 501 500
454 1 1 3 468 469 502 501
455 1 1 3 469 470 503 502
456 1 1 3 470 471 504 503
457 1 1 3 471 472 505 504
458 1 1 3 472 473 506 505
459 1 1 3 473 474 507 506
460 1 1 3 474 475 508 507
461 1 1 3 475 476 509 508
462 1 1 3 476 477 510 509
463 1 1 3 477 478 511 510
464 1 1 3 478 479 512 511
465 1 1 3 479 480 513 512
466 1 1 3 480 481 514 513
467 1 1 3 481 482 515 514
468 1 1 3 482 483 516 515
469 1 1 3 483 484 517 516
470 1 1 3 484 485 518 517
471 1 1 3 485 486 519 518
472 1 1 3 486 487 520 519
473 1 1 3 487 488 521 520
474 1 1 3 488 489 522 521
475 1 1 3 489 490 523 522
476 1 1 3 490 491 524 523
477 1 1 3 491 492 525 524
478 1 1 3 492 493 526 525
479 1 1 3 493 494 527 526
480 1 1 3 494 495 528 527
481 1 1 3 496 497 530 529
482 1 1 3 497 498 531 530
483 1 1 3 498 499 532 531
484 1 1 3 499 500 533 532
485 1 1 3 500 501 534 533
486 1 1 3 501 502 535 534
487 1 1 3 502 503 536 535
488 1 1 3 503 504 537 536
489 1 1 3 504 505 538 537
490 1 1 3 505 506 539 538
491 1 1 3 506 507 540 539
492 1 1 3 507 508 541 540
493 1 1 3 508 509 542 541
494 1 1 3 509 510 543 542
495 1 1 3 510 511 544 543
496 1 1 3 511 512 545 544
497 1 1 3 512 513 546 545
498 1 1 3 513 514 547 546
499 1 1 3 514 515 548 547
500 1 1 3 515 516 549 548
501 1 1 3 516 517 550 549
502 1 1 3 517 518 551 550
503 1 1 3 518 519 552 551
504 1 1 3 519 520 553 552
505 1 1 3 520 521 554 553
506 1 1 3 521 522 555 554
507 1 1 3 522 523 556 555
508 1 1 3 523 524 557 556
509 1 1 3 524 525 558 557
510 1 1 3 525 526 559 558
511 1 1 3 526 527 560 559
512 1 1 3 527 528 561 560
513 1 1 3 529 530 563 562
514 1 1 3 530 531 564 563
515 1 1 3 531 532 565 564
516 1 1 3 532 533 566 565
517 1 1 3 533 534 567 566
518 1 1 3 534 535 568 567
519 1 1 3 535 536 569 568
520 1 1 3 536 537 570 569
521 1 1 3 537 538 571 570
522 1 1 3 538 539 572 571
523 1 1 3 539 540 573 572
524 1 1 3 540 541 574 573
525 1 1 3 541 542 575 574
526 1 1 3 542 543 576 575
527 1 1 3 543 544 577 576
528 1 1 3 544 545 578 577
529 1 1 3 545 546 579 578
530 1 1 3 546 547 580 579
531 1 1 3 547 548 581 580
532 1 1 3 548 549 582 581
533 1 1 3 549 550 583 582
534 1 1 3 550 551 584 583
535 1 1 3 551 552 585 584
536 1 1 3 552 553 586 585
537 1 1 3 553 554 587 586
538 1 1 3 554 555 588 587
539 1 1 3 555 556 589 588
540 1 1 3 556 557 590 589
541 1 1 3 557 558 591 590
542 1 1 3 558 559 592 591
543 1 1 3 559 560 593 592
544 1 1 3 560 561 594 593
545 1 1 3 562 563 596 595
546 1 1 3 563 564 597 596
547 1 1 3 564 565 598 597
548 1 1 3 565 566 599 598
549 1 1 3 566 567 600 599
550 1 1 3 567 568 601 600
551 1 1 3 568 569 602 601
552 1 1 3 569 570 603 602
553 1 1 3 570 571 604 603
554 1 1 3 571 572 605 604
555 1 1 3 572 573 606 605
556 1 1 3 573 574 607 606
557 1 1 3 574 575 608 607
558 1 1 3 575 576 609 608
559 1 1 3 576 577 610 609
560 1 1 3 577 578 611 610
561 1 1 3 578 579 612 611
562 1 1 3 579 580 613 612
563 1 1 3 580 581 614 613
564 1 1 3 581 582 615 614
565 1 1 3 582 583 616 615
566 1 1 3 583 584 617 616
567 1 1 3 584 585 618 617
568 1 1 3 585 586 619 618
569 1 1 3 586 587 620 619
570 1 1 3 587 588 621 620
571 1 1 3 588 589 622 621
572 1 1 3 589 590 623 622
573 1 1 3 590 591 624 623
574 1 1 3 591 592 625 624
575 1 1 3 592 593 626 625
576 1 1 3 593 594 627 626
577 1 1 3 595 596 629 628
578 1 1 3 596 597 630 629
579 1 1 3 597 598 631 630
580 1 1 3 598 599 632 631
581 1 1 3 599 600 633 632
582 1 1 3 600 601 634 633
583 1 1 3 601 602 635 634
584 1 1 3 602 603 636 635
585 1 1 3 603 604 637 636
586 1 1 3 604 605 638 637
587 1 1 3 605 606 639 638
588 1 1 3 606 607 640 639
589 1 1 3 607 608 641 640
590 1 1 3 608 609 642 641
591 1 1 3 609 610 643 642
592 1 1 3 610 611 644 643
593 1 1 3 611 612 645 644
594 1 1 3 612 613 646 645
595 1 1 3 613 614 647 646
596 1 1 3 614 615 648 647
597 1 1 3 615 616 649 648
598 1 1 3 616 617 650 649
599 1 1 3 617 618 651 650
600 1 1 3 618 619 652 651
601 1 1 3 619 620 653 652
602 1 1 3 620 621 654 653
603 1 1 3 621 622 655 654
604 1 1 3 622 623 656 655
605 1 1 3 623 624 657 656
606 1 1 3 624 625 658 657
607 1 1 3 625 626 659 658
608 1 1 3 626 627 660 659
609 1 1 3 628 629 662 661
610 1 1 3 629 630 663 662
611 1 1 3 630 631 664 663
612 1 1 3 631 632 665 664
613 1 1 3 632 633 666 665
614 1 1 3 633 634 667 666
615 1 1 3 634 635 668 667
616 1 1 3 635 636 669 668
617 1 1 3 636 637 670 669
618 1 1 3 637 638 671 670
619 1 1 3 638 639 672 671
620 1 1 3 639 640 673 672
621 1 1 3 640 641 674 673
622 1 1 3 641 642 675 674
623 1 1 3 642 643 676 675
624 1 1 3 643 644 677 676
625 1 1 3 644 645 678 677
626 1 1 3 645 646 679 678
627 1 1 3 646 647 680 679
628 1 1 3 647 648 681 680
629 1 1 3 648 649 682 681
630 1 1 3 649 650 683 682
631 1 1 3 650 651 684 683
632 1 1 3 651 652 685 684
633 1 1 3 652 653 686 685
634 1 1 3 653 654 687 686
635 1 1 3 654 655 688 687
636 1 1 3 655 656 689 688
637 1 1 3 656 657 690 689
638 1 1 3 657 658 691 690
639 1 1 3 658 659 692 691
640 1 1 3 659 660 693 692
641 1 1 3 661 662 695 694
642 1 1 3 662 663 696 695
643 1 1 3 663 664 697 696
644 1 1 3 664 665 698 697
645 1 1 3 665 666 699 698
646 1 1 3 666 667 700 699
647 1 1 3 667 668 701 700
648 1 1 3 668 669 702 701
649 1 1 3 669 670 703 702
650 1 1 3 670 671 704 703
651 1 1 3 671 672 705 704
652 1 1 3 672 673 706 705
653 1 1 3 673 674 707 706
654 1 1 3 674 675 708 707
655 1 1 3 675 676 709 708
656 1 1 3 676 677 710 709
657 1 1 3 677 678 711 710
658 1 1 3 678 679 712 711
659 1 1 3 679 680 713 712
660 1 1 3 680 681 714 713
661 1 1 3 681 682 715 714
662 1 1 3 682 683 716 715
663 1 1 3 683 684 717 716
664 1 1 3 684 685 718 717
665 1 1 3 685 686 719 718
666 1 1 3 686 687 720 719
667 1 1 3 687 688 721 720
668 1 1 3 688 689 722 721
669 1 1 3 689 690 723 722
670 1 1 3 690 691 724 723
671 1 1 3 691 692 725 724
672 1 1 3 692 693 726 725
673 1 1 3 694 695 728 727
674 1 1 3 695 696 729 728
675 1 1 3 696 697 730 729
676 1 1 3 697 698 731 730
677 1 1 3 698 699 732 731
678 1 1 3 699 700 733 732
679 1 1 3 700 701 734 733
680 1 1 3 701 702 735 734
681 1 1 3 702 703 736 735
682 1 1 3 703 704 737 736
683 1 1 3 704 705 738 737
684 1 1 3 705 706 739 738
685 1 1 3 706 707 740 739
686 1 1 3 707 708 741 740
687 1 1 3 708 709 742 741
688 1 1 3 709 710 743 742
689 1 1 3 710 711 744 743
690 1 1 3 711 712 745 744
691 1 1 3 712 713 746 745
692 1 1 3 713 714 747 746
693 1 1 3 714 715 748 747
694 1 1 3 715 716 749 748
695 1 1 3 716 717 750 749
696 1 1 3 717 718 751 750
697 1 1 3 718 719 752 751
698 1 1 3 719 720 753 752
699 1 1 3 720 721 754 753
700 1 1 3 721 722 755 754
701 1 1 3 722 723 756 755
702 1 1 3 723 724 757 756
703 1 1 3 724 725 758 757
704 1 1 3 725 726 759 758
705 1 1 3 727 728 761 760
706 1 1 3 728 729 762 761
707 1 1 3 729 730 763 762
708 1 1 3 730 731 764 763
709 1 1 3 731 732 765 764
710 1 1 3 732 733 766 765
711 1 1 3 733 734 767 766
712 1 1 3 734 735 768 767
713 1 1 3 735 736 769 768
714 1 1 3 736 737 770 769
715 1 1 3 737 738 771 770
716 1 1 3 738 739 772 771
717 1 1 3 739 740 773 772
718 1 1 3 740 741 774 773
719 1 1 3 741 742 775 774
720 1 1 3 742 743 776 775
721 1 1 3 743 744 777 776
722 1 1 3 744 745 778 777
723 1 1 3 745 746 779 778
724 1 1 3 746 747 780 779
725 1 1 3 747 748 781 780
726 1 1 3 748 749 782 781
727 1 1 3 749 750 783 782
728 1 1 3 750 751 784 783
729 1 1 3 751 752 785 784
730 1 1 3 752 753 786 785
731 1 1 3 753 754 787 786
732 1 1 3 754 755 788 787
733 1 1 3 755 756 789 788
734 1 1 3 756 757 790 789
735 1 1 3 757 758 791 790
736 1 1 3 758 759 792 791
737 1 1 3 760 761 794 793
738 1 1 3 761 762 795 794
739 1 1 3 762 763 796 795
740 1 1 3 763 764 797 796
741 1 1 3 764 765 798 797
742 1 1 3 765 766 799 798
743 1 1 3 766 767 800 799
744 1 1 3 767 768 801 800
745 1 1 3 768 769 802 801
746 1 1 3 769 770 803 802
747 1 1 3 770 771 804 803
748 1 1 3 771 772 805 804
749 1 1 3 772 773 806 805
750 1 1 3 773 774 807 806
751 1 1 3 774 775 808 807
752 1 1 3 775 776 809 808
753 1 1 3 776 777 810 809
754 1 1 3 777 778 811 810
755 1 1 3 778 779 812 811
756 1 1 3 779 780 813 812
757 1 1 3 780 781 814 813
758 1 1 3 781 782 815 814
759 1 1 3 782 783 816 815
760 1 1 3 783 784 817 816
761 1 1 3 784 785 818 817
762 1 1 3 785 786 819 818
763 1 1 3 786 787 820 819
764 1 1 3 787 788 821 820
765 1 1 3 788 789 822 821
766 1 1 3 789 790 823 822
767 1 1 3 790 791 824 823
768 1 1 3 791 792 825 824
769 1 1 3 793 794 827 826
770 1 1 3 794 795 828 827
771 1 1 3 795 796 829 828
772 1 1 3 796 797 830 829
773 1 1 3 797 798 831 830
774 1 1 3 798 799 832 831
775 1 1 3 799 800 833 832
776 1 1 3 800 801 834 833
777 1 1 3 801 802 835 834
778 1 1 3 802 803 836 835
779 1 1 3 803 804 837 836
780 1 1 3 804 805 838 837
781 1 1 3 805 806 839 838
782 1 1 3 806 807 840 839
783 1 1 3 807 808 841 840
784 1 1 3 808 809 842 841
785 1 1 3 809 810 843 842
786 1 1 3 810 811 844 843
787 1 1 3 811 812 845 844
788 1 1 3 812 813 846 845
789 1 1 3 813 814 847 846
790 1 1 3 814 815 848 847
791 1 1 3 815 816 849 848
792 1 1 3 816 817 850 849
793 1 1 3 817 818 851 850
794 1 1 3 818 819 852 851
795 1 1 3 819 820 853 852
796 1 1 3 820 821 854 853
797 1 1 3 821 822 855 854
798 1 1 3 822 823 856 855
799 1 1 3 823 824 857 856
800 1 1 3 824 825 858 857
801 1 1 3 826 827 860 859
802 1 1 3 827 828 861 860
803 1 1 3 828 829 862 861
804 1 1 3 829 830 863 862
805 1 1 3 830 831 864 863
806 1 1 3 831 832 865 864
807 1 1 3 832 833 866 865
808 1 1 3 833 834 867 866
809 1 1 3 834 835 868 867
810 1 1 3 835 836 869 868
811 1 1 3 836 837 870 869
812 1 1 3 837 838 871 870
813 1 1 3 838 839 872 871
814 1 1 3 839 840 873 872
815 1 1 3 840 841 874 873
816 1 1 3 841 842 875 874
817 1 1 3 842 843 876 875
818 1 1 3 843 844 877 876
819 1 1 3 844 845 878 877
820 1 1 3 845 846 879 878
821 1 1 3 846 847 880 879
822 1 1 3 847 848 881 880
823 1 1 3 848 849 882 881
824 1 1 3 849 850 883 882
825 1 1 3 850 851 884 883
826 1 1 3 851 852 885 884
827 1 1 3 852 853 886 885
828 1 1 3 853 854 887 886
829 1 1 3 854 855 888 887
830 1 1 3 855 856 889 888
831 1 1 3 856 857 890 889
832 1 1 3 857 858 891 890
833 1 1 3 859 860 893 892
834 1 1 3 860 861 894 893
835 1 1 3 861 862 895 894
836 1 1 3 862 863 896 895
837 1 1 3 863 864 897 896
838 1 1 3 864 865 898 897
839 1 1 3 865 866 899 898
840 1 1 3 866 867 900 899
841 1 1 3 867 868 901 900
842 1 1 3 868 869 902 901
843 1 1 3 869 870 903 902
844 1 1 3 870 871 904 903
845 1 1 3 871 872 905 904
846 1 1 3 872 873 906 905
847 1 1 3 873 874 907 906
848 1 1 3 874 875 908 907
849 1 1 3 875 876 909 908
850 1 1 3 876 877 910 909
851 1 1 3 877 878 911 910
852 1 1 3 878 879 912 911
853 1 1 3 879 880 913 912
854 1 1 3 880 881 914 913
855 1 1 3 881 882 915 914
856 1 1 3 882 883 916 915
857 1 1 3 883 884 917 916
858 1 1 3 884 885 918 917
859 1 1 3 885 886 919 918
860 1 1 3 886 887 920 919
861 1 1 3 887 888 921 920
862 1 1 3 888 889 922 921
863 1 1 3 889 890 923 922
864 1 1 3 890 891 924 923
865 1 1 3 892 893 926 925
866 1 1 3 893 894 927 926
867 1 1 3 894 895 928 927
868 1 1 3 895 896 929 928
869 1 1 3 896 897 930 929
870 1 1 3 897 898 931 930
871 1 1 3 898 899 932 931
872 1 1 3 899 900 933 932
873 1 1 3 900 901 934 933
874 1 1 3 901 902 935 934
875 1 1 3 902 903 936 935
876 1 1 3 903 904 937 936
877 1 1 3 904 905 938 937
878 1 1 3 905 906 939 938
879 1 1 3 906 907 940 939
880 1 1 3 907 908 941 940
881 1 1 3 908 909 942 941
882 1 1 3 909 910 943 942
883 1 1 3 910 911 944 943
884 1 1 3 911 912 945 944
885 1 1 3 912 913 946 945
886 1 1 3 913 914 947 946
887 1 1 3 914 915 948 947
888 1 1 3 915 916 949 948
889 1 1 3 916 917 950 949
890 1 1 3 917 918 951 950
891 1 1 3 918 919 952 951
892 1 1 3 919 920 953 952
893 1 1 3 920 921 954 953
894 1 1 3 921 922 955 954
895 1 1 3 922 923 956 955
896 1 1 3 923 924 957 956
897 1 1 3 925 926 959 958
898 1 1 3 926 927 960 959
899 1 1 3 927 928 961 960
900 1 1 3 928 929 962 961
901 1 1 3 929 930 963 962
902 1 1 3 930 931 964 963
903 1 1 3 931 932 965 964
904 1 1 3 932 933 966 965
905 1 1 3 933 934 967 966
906 1 1 3 934 935 968 967
907 1 1 3 935 936 969 968
908 1 1 3 936 937 970 969
909 1 1 3 937 938 971 970
910 1 1 3 938 939 972 971
911 1 1 3 939 940 973 972
912 1 1 3 940 941 974 973
913 1 1 3 941 942 975 974
914 1 1 3 942 943 976 975
915 1 1 3 943 944 977 976
916 1 1 3 944 945 978 977
917 1 1 3 945 946 979 978
918 1 1 3 946 947 980 979
919 1 1 3 947 948 981 980
920 1 1 3 948 949 982 981
921 1 1 3 949 950 983 982
922 1 1 3 950 951 984 983
923 1 1 3 951 952 985 984
924 1 1 3 952 953 986 985
925 1 1 3 953 954 987 986
926 1 1 3 954 955 988 987
927 1 1 3 955 956 989 988
928 1 1 3 956 957 990 989
929 1 1 3 958 959 992 991
930 1 1 3 959 960 993 992
931 1 1 3 960 961 994 993
932 1 1 3 961 962 995 994
933 1 1 3 962 963 996 995
934 1 1 3 963 964 997 996
935 1 1 3 964 965 998 997
936 1 1 3 965 966 999 998
937 1 1 3 966 967 1000 999
938 1 1 3 967 968 1001 1000
939 1 1 3 968 969 1002 1001
940 1 1 3 969 970 1003 1002
941 1 1 3 970 971 1004 1003
942 1 1 3 971 972 1005 1004
943 1 1 3 972 973 1006 1005
944 1 1 3 973 974 1007 1006
945 1 1 3 974 975 1008 1007
946 1 1 3 975 976 1009 1008
947 1 1 3 976 977 1010 1009
948 1 1 3 977 978 1011 1010
949 1 1 3 978 979 1012 1011
950 1 1 3 979 980 1013 1012
951 1 1 3 980 981 1014 1013
952 1 1 3 981 982 1015 1014
953 1 1 3 982 983 1016 1015
954 1 1 3 983 984 1017 1016
955 1 1 3 984 985 1018 1017
956 1 1 3 985 986 1019 1018
957 1 1 3 986 987 1020 1019
958 1 1 3 987 988 1021 1020
959 1 1 3 988 989 1022 1021
960 1 1 3 989 990 1023 1022
961 1 1 3 991 992 1025 1024
962 1 1 3 992 993 1026 1025
963 1 1 3 993 994 1027 1026
964 1 1 3 994 995 1028 1027
965 1 1 3 995 996 1029 1028
966 1 1 3 996 997 1030 1029
967 1 1 3 997 998 1031 1030
968 1 1 3 998 999 1032 1031
969 1 1 3 999 1000 1033 1032
970 1 1 3 1000 1001 1034 1033
971 1 1 3 1001 1002 1035 1034
972 1 1 3 1002 1003 1036 1035
973 1 1 3 1003 1004 1037 1036
974 1 1 3 1004 1005 1038 1037
975 1 1 3 1005 1006 1039 1038
976 1 1 3 1006 1007 1040 1039
977 1 1 3 1007 1008 1041 1040
978 1 1 3 1008 1009 1042 1041
979 1 1 3 1009 1010 1043 1042
980 1 1 3 1010 1011 1044 1043
981 1 1 3 1011 1012 1045 1044
982 1 1 3 1012 1013 1046 1045
983 1 1 3 1013 1014 1047 1046
984 1 1 3 1014 1015 1048 1047
985 1 1 3 1015 1016 1049 1048
986 1 1 3 1016 1017 1050 1049
987 1 1 3 1017 1018 1051 1050
988 1 1 3 1018 1019 1052 1051
989 1 1 3 1019 1020 1053 1052
990 1 1 3 1020 1021 1054 1053
991 1 1 3 1021 1022 1055 1054
992 1 1 3 1022 1023 1056 1055
993 1 1 3 1024 1025 1058 1057
994 1 1 3 1025 1026 1059 1058
995 1 1 3 1026 1027 1060 1059
996 1 1 3 1027 1028 1061 1060
997 1 1 3 1028 1029 1062 1061
998 1 1 3 1029 1030 1063 1062
999 1 1 3 1030 1031 1064 1063
1000 1 1 3 1031 1032 1065 1064
1001 1 1 3 1032 1033 1066 1065
1002 1 1 3 1033 1034 1067 1066
1003 1 1 3 1034 1035 1068 1067
1004 1 1 3 1035 1036 1069 1068
1005 1 1 3 1036 1037 1070 1069
1006 1 1 3 1037 1038 1071 1070
1007 1 1 3 1038 1039 1072 1071
1008 1 1 3 1039 1040 1073 1072
1009 1 1 3 1040 1041 1074 1073
1010 1 1 3 1041 1042 1075 1074
1011 1 1 3 1042 1043 1076 1075
1012 1 1 3 1043 1044 1077 1076
1013 1 1 3 1044 1045 1078 1077
1014 1 1 3 1045 1046 1079 1078
1015 1 1 3 1046 1047 1080 1079
1016 1 1 3 1047 1048 1081 1080
1017 1 1 3 1048 1049 1082 1081
1018 1 1 3 1049 1050 1083 1082
1019 1 1 3 1050 1051 1084 1083
1020 1 1 3 1051 1052 1085 1084
1021 1 1 3 1052 1053 1086 1085
1022 1 1 3 1053 1054 1087 1086
1023 1 1 3 1054 1055 1088 1087
1024 1 1 3 1055 1056 1089 1088

%LOAD
1
1	'Load_Case_1'

%LOAD.CASE
1

%LOAD.CASE.LINE.FORCE.UNIFORM
32
993	1057	1058	0	0.000000	160.000000	0.000000
994	1058	1059	0	0.000000	160.000000	0.000000
995	1059	1060	0	0.000000	160.000000	0.000000
996	1060	1061	0	0.000000	160.000000	0.000000
997	1061	1062	0	0.000000	160.000000	0.000000
998	1062	1063	0	0.000000	160.000000	0.000000
999	1063	1064	0	0.000000	160.000000	0.000000
1000	1064	1065	0	0.000000	160.000000	0.000000
1001	1065	1066	0	0.000000	160.000000	0.000000
1002	1066	1067	0	0.000000	160.000000	0.000000
1003	1067	1068	0	0.000000	160.000000	0.000000
1004	1068	1069	0	0.000000	160.000000	0.000000
1005	1069	1070	0	0.000000	160.000000	0.000000
1006	1070	1071	0	0.000000	160.000000	0.000000
1007	1071	1072	0	0.000000	160.000000	0.000000
1008	1072	1073	0	0.000000	160.000000	0.000000
1009	1073	1074	0	0.000000	160.000000	0.000000
1010	1074	1075	0	0.000000	160.000000	0.000000
1011	1075	1076	0	0.000000	160.000000	0.000000
1012	1076	1077	0	0.000000	160.000000	0.000000
1013	1077	1078	0	0.000000	160.000000	0.000000
1014	1078	1079	0	0.000000	160.000000	0.000000
1015	1079	1080	0	0.000000	160.000000	0.000000
1016	1080	1081	0	0.000000	160.000000	0.000000
1017	1081	1082	0	0.000000	160.000000	0.000000
1018	1082	1083	0	0.000000	160.000000	0.000000
1019	1083	1084	0	0.000000	160.000000	0.000000
1020	1084	1085	0	0.000000	160.000000	0.000000
1021	1085	1086	0	0.000000	160.000000	0.000000
1022	1086	1087	0	0.000000	160.000000	0.000000
1023	1087	1088	0	0.000000	160.000000	0.000000
1024	1088	1089	0	0.000000	160.000000	0.000000

%END