%HEADER
Output file created by FEMEP (version October/2021).
'File created by FEMEP program'

%HEADER.ANALYSIS
'plane_stress'

%NODE
21

%NODE.COORD
21
1 0.000000 44.000000 0.000000
2 0.000000 22.000000 0.000000
3 0.000000 0.000000 0.000000
4 24.000000 44.000000 0.000000
5 24.000000 22.000000 0.000000
6 24.000000 0.000000 0.000000
7 48.000000 44.000000 0.000000
8 48.000000 22.000000 0.000000
9 48.000000 0.000000 0.000000
10 0.000000 33.000000 0.000000
11 12.000000 22.000000 0.000000
12 24.000000 33.000000 0.000000
13 12.000000 44.000000 0.000000
14 0.000000 11.000000 0.000000
15 12.000000 0.000000 0.000000
16 24.000000 11.000000 0.000000
17 36.000000 22.000000 0.000000
18 48.000000 33.000000 0.000000
19 36.000000 44.000000 0.000000
20 36.000000 0.000000 0.000000
21 48.000000 11.000000 0.000000

%NODE.SUPPORT
5
1 1 1 0 0 0 0
2 1 1 0 0 0 0
3 1 1 0 0 0 0
10 1 1 0 0 0 0
14 1 1 0 0 0 0

%MATERIAL
1

%MATERIAL.LABEL
1
1 'M1'

%MATERIAL.ISOTROPIC
1
1 206000.0 0.300000

%THICKNESS
1
1 1.000000

%INTEGRATION.ORDER
4
1 1 1 1 1 1 1
2 3 3 1 3 3 1
3 1 1 1 1 1 1
4 2 2 1 2 2 1

%ELEMENT
4

%ELEMENT.Q8
4
1 1 1 4 1 10 2 11 5 12 4 13
2 1 1 4 2 14 3 15 6 16 5 11
3 1 1 4 4 12 5 17 8 18 7 19
4 1 1 4 5 16 6 20 9 21 8 17

%LOAD
1
1	'Load_Case_1'

%LOAD.CASE
1

%LOAD.CASE.LINE.FORCE.UNIFORM
2
3	7	8	0	0.000000	105.000000	0.000000
4	8	9	0	0.000000	105.000000	0.000000

%END