%HEADER
Output file created by FEMEP (version October/2021).
'File created by FEMEP program'

%HEADER.ANALYSIS
'plane_stress'

%NODE
96

%NODE.COORD
96
1 5.000000 5.000000 0.000000
2 5.000000 6.000000 0.000000
3 5.000000 7.000000 0.000000
4 5.000000 8.000000 0.000000
5 5.000000 9.000000 0.000000
6 5.000000 10.000000 0.000000
7 4.000000 5.000000 0.000000
8 4.000000 6.000000 0.000000
9 4.000000 7.000000 0.000000
10 4.000000 8.000000 0.000000
11 4.000000 9.000000 0.000000
12 4.000000 10.000000 0.000000
13 3.000000 5.000000 0.000000
14 3.000000 6.000000 0.000000
15 3.000000 7.000000 0.000000
16 3.000000 8.000000 0.000000
17 3.000000 9.000000 0.000000
18 3.000000 10.000000 0.000000
19 2.000000 5.000000 0.000000
20 2.000000 6.000000 0.000000
21 2.000000 7.000000 0.000000
22 2.000000 8.000000 0.000000
23 2.000000 9.000000 0.000000
24 2.000000 10.000000 0.000000
25 1.000000 5.000000 0.000000
26 1.000000 6.000000 0.000000
27 1.000000 7.000000 0.000000
28 1.000000 8.000000 0.000000
29 1.000000 9.000000 0.000000
30 1.000000 10.000000 0.000000
31 0.000000 5.000000 0.000000
32 0.000000 6.000000 0.000000
33 0.000000 7.000000 0.000000
34 0.000000 8.000000 0.000000
35 0.000000 9.000000 0.000000
36 0.000000 10.000000 0.000000
37 10.000000 5.000000 0.000000
38 9.000000 5.000000 0.000000
39 8.000000 5.000000 0.000000
40 7.000000 5.000000 0.000000
41 6.000000 5.000000 0.000000
42 10.000000 4.000000 0.000000
43 9.000000 4.000000 0.000000
44 8.000000 4.000000 0.000000
45 7.000000 4.000000 0.000000
46 6.000000 4.000000 0.000000
47 5.000000 4.000000 0.000000
48 10.000000 3.000000 0.000000
49 9.000000 3.000000 0.000000
50 8.000000 3.000000 0.000000
51 7.000000 3.000000 0.000000
52 6.000000 3.000000 0.000000
53 5.000000 3.000000 0.000000
54 10.000000 2.000000 0.000000
55 9.000000 2.000000 0.000000
56 8.000000 2.000000 0.000000
57 7.000000 2.000000 0.000000
58 6.000000 2.000000 0.000000
59 5.000000 2.000000 0.000000
60 10.000000 1.000000 0.000000
61 9.000000 1.000000 0.000000
62 8.000000 1.000000 0.000000
63 7.000000 1.000000 0.000000
64 6.000000 1.000000 0.000000
65 5.000000 1.000000 0.000000
66 10.000000 0.000000 0.000000
67 9.000000 0.000000 0.000000
68 8.000000 0.000000 0.000000
69 7.000000 0.000000 0.000000
70 6.000000 0.000000 0.000000
71 5.000000 0.000000 0.000000
72 6.000000 10.000000 0.000000
73 6.000000 9.000000 0.000000
74 6.000000 8.000000 0.000000
75 6.000000 7.000000 0.000000
76 6.000000 6.000000 0.000000
77 7.000000 10.000000 0.000000
78 7.000000 9.000000 0.000000
79 7.000000 8.000000 0.000000
80 7.000000 7.000000 0.000000
81 7.000000 6.000000 0.000000
82 8.000000 10.000000 0.000000
83 8.000000 9.000000 0.000000
84 8.000000 8.000000 0.000000
85 8.000000 7.000000 0.000000
86 8.000000 6.000000 0.000000
87 9.000000 10.000000 0.000000
88 9.000000 9.000000 0.000000
89 9.000000 8.000000 0.000000
90 9.000000 7.000000 0.000000
91 9.000000 6.000000 0.000000
92 10.000000 10.000000 0.000000
93 10.000000 9.000000 0.000000
94 10.000000 8.000000 0.000000
95 10.000000 7.000000 0.000000
96 10.000000 6.000000 0.000000

%NODE.SUPPORT
12
31 1 0 0 0 0 0
32 1 0 0 0 0 0
33 1 0 0 0 0 0
34 1 0 0 0 0 0
35 1 0 0 0 0 0
36 1 0 0 0 0 0
66 0 1 0 0 0 0
67 0 1 0 0 0 0
68 0 1 0 0 0 0
69 0 1 0 0 0 0
70 0 1 0 0 0 0
71 0 1 0 0 0 0

%MATERIAL
1

%MATERIAL.LABEL
1
1 'M1'

%MATERIAL.ISOTROPIC
1
1 206000.0 0.300000

%THICKNESS
1
1 1.000000

%INTEGRATION.ORDER
4
1 1 1 1 1 1 1
2 3 3 1 3 3 1
3 1 1 1 1 1 1
4 2 2 1 2 2 1

%ELEMENT
75

%ELEMENT.Q4
75
1 1 1 3 1 2 8 7
2 1 1 3 2 3 9 8
3 1 1 3 3 4 10 9
4 1 1 3 4 5 11 10
5 1 1 3 5 6 12 11
6 1 1 3 7 8 14 13
7 1 1 3 8 9 15 14
8 1 1 3 9 10 16 15
9 1 1 3 10 11 17 16
10 1 1 3 11 12 18 17
11 1 1 3 13 14 20 19
12 1 1 3 14 15 21 20
13 1 1 3 15 16 22 21
14 1 1 3 16 17 23 22
15 1 1 3 17 18 24 23
16 1 1 3 19 20 26 25
17 1 1 3 20 21 27 26
18 1 1 3 21 22 28 27
19 1 1 3 22 23 29 28
20 1 1 3 23 24 30 29
21 1 1 3 25 26 32 31
22 1 1 3 26 27 33 32
23 1 1 3 27 28 34 33
24 1 1 3 28 29 35 34
25 1 1 3 29 30 36 35
26 1 1 3 37 38 43 42
27 1 1 3 38 39 44 43
28 1 1 3 39 40 45 44
29 1 1 3 40 41 46 45
30 1 1 3 41 1 47 46
31 1 1 3 42 43 49 48
32 1 1 3 43 44 50 49
33 1 1 3 44 45 51 50
34 1 1 3 45 46 52 51
35 1 1 3 46 47 53 52
36 1 1 3 48 49 55 54
37 1 1 3 49 50 56 55
38 1 1 3 50 51 57 56
39 1 1 3 51 52 58 57
40 1 1 3 52 53 59 58
41 1 1 3 54 55 61 60
42 1 1 3 55 56 62 61
43 1 1 3 56 57 63 62
44 1 1 3 57 58 64 63
45 1 1 3 58 59 65 64
46 1 1 3 60 61 67 66
47 1 1 3 61 62 68 67
48 1 1 3 62 63 69 68
49 1 1 3 63 64 70 69
50 1 1 3 64 65 71 70
51 1 1 3 6 5 73 72
52 1 1 3 5 4 74 73
53 1 1 3 4 3 75 74
54 1 1 3 3 2 76 75
55 1 1 3 2 1 41 76
56 1 1 3 72 73 78 77
57 1 1 3 73 74 79 78
58 1 1 3 74 75 80 79
59 1 1 3 75 76 81 80
60 1 1 3 76 41 40 81
61 1 1 3 77 78 83 82
62 1 1 3 78 79 84 83
63 1 1 3 79 80 85 84
64 1 1 3 80 81 86 85
65 1 1 3 81 40 39 86
66 1 1 3 82 83 88 87
67 1 1 3 83 84 89 88
68 1 1 3 84 85 90 89
69 1 1 3 85 86 91 90
70 1 1 3 86 39 38 91
71 1 1 3 87 88 93 92
72 1 1 3 88 89 94 93
73 1 1 3 89 90 95 94
74 1 1 3 90 91 96 95
75 1 1 3 91 38 37 96

%LOAD
1
1	'Load_Case_1'

%LOAD.CASE
1

%LOAD.CASE.LINE.FORCE.UNIFORM
10
25	36	30	0	0.000000	150.000000	0.000000
20	30	24	0	0.000000	150.000000	0.000000
15	24	18	0	0.000000	150.000000	0.000000
10	18	12	0	0.000000	150.000000	0.000000
5	12	6	0	0.000000	150.000000	0.000000
51	6	72	0	0.000000	150.000000	0.000000
56	72	77	0	0.000000	150.000000	0.000000
61	77	82	0	0.000000	150.000000	0.000000
66	82	87	0	0.000000	150.000000	0.000000
71	87	92	0	0.000000	150.000000	0.000000

%END