TENSÃO ANTERIOR --------------------------------------------------------- 
 [[0.]
 [0.]
 [0.]] 

DELTA_SIGMA ------------------------------------------------------------- 
 [[0.]
 [0.]
 [0.]] 

STATUS: Passo 0 sem plastificação em algum ponto. Looping 0 encerrado 

TENSÃO ANTERIOR --------------------------------------------------------- 
 [[-149.02468905]
 [ -41.63349961]
 [  20.43149007]] 

DELTA_SIGMA ------------------------------------------------------------- 
 [[-149.02468905]
 [ -41.63349961]
 [  20.43149007]] 

STATUS: Passo 1 sem plastificação em algum ponto. Looping 0 encerrado 

TENSÃO ANTERIOR --------------------------------------------------------- 
 [[-298.04937809]
 [ -83.26699922]
 [  40.86298014]] 

DELTA_SIGMA ------------------------------------------------------------- 
 [[-149.02468905]
 [ -41.63349961]
 [  20.43149007]] 

STATUS: Passo 2 sem plastificação em algum ponto. Looping 0 encerrado 

TENSÃO ANTERIOR --------------------------------------------------------- 
 [[-447.07406714]
 [-124.90049883]
 [  61.29447021]] 

DELTA_SIGMA ------------------------------------------------------------- 
 [[-149.02468905]
 [ -41.63349961]
 [  20.43149007]] 

STATUS: Passo 3 com plastificação em algum ponto. Looping 0 continuado 

TENSÃO ANTERIOR --------------------------------------------------------- 
 [[-411.66125356]
 [-148.64399675]
 [  50.03980772]] 

DELTA_SIGMA ------------------------------------------------------------- 
 [[ -5.12075414]
 [-21.85122661]
 [ -3.18302166]] 

STATUS: Passo 3 com plastificação em algum ponto. Looping 0 continuado 

TENSÃO ANTERIOR --------------------------------------------------------- 
 [[-422.08291108]
 [-169.87166679]
 [  34.70737953]] 

DELTA_SIGMA ------------------------------------------------------------- 
 [[-130.3680603 ]
 [ -37.71653454]
 [   4.35067316]] 

STATUS: Passo 3 com plastificação em algum ponto. Looping 0 continuado 

TENSÃO ANTERIOR --------------------------------------------------------- 
 [[-471.75121365]
 [-185.44510193]
 [  30.61909107]] 

DELTA_SIGMA ------------------------------------------------------------- 
 [[-49.66830256]
 [-15.57343515]
 [ -4.08828845]] 

STATUS: Passo 3 sem plastificação em algum ponto. Looping 0 encerrado 

[[ 0.        ]
 [ 0.        ]
 [ 0.        ]
 [ 0.        ]
 [ 0.        ]
 [ 0.        ]
 [ 0.        ]
 [ 0.        ]
 [ 0.        ]
 [ 0.        ]
 [-0.0524477 ]
 [ 0.02220058]
 [-0.01535123]
 [ 0.01902592]
 [ 0.00230904]
 [ 0.01917524]
 [ 0.00933873]
 [ 0.01955859]
 [ 0.00978613]
 [ 0.01717643]
 [-0.09607291]
 [ 0.07213025]
 [-0.05004492]
 [ 0.06965957]
 [-0.0144985 ]
 [ 0.06585904]
 [ 0.0084934 ]
 [ 0.06085624]
 [ 0.01708914]
 [ 0.05485311]
 [-0.14407738]
 [ 0.15428547]
 [-0.09600332]
 [ 0.15279656]
 [-0.05515479]
 [ 0.15032916]
 [-0.01931424]
 [ 0.14735673]
 [ 0.01072543]
 [ 0.14382584]
 [-0.18828706]
 [ 0.27004134]
 [-0.1487943 ]
 [ 0.26889179]
 [-0.11317803]
 [ 0.26619202]
 [-0.08063426]
 [ 0.26321154]
 [-0.05040772]
 [ 0.26048287]] [[-472.04920471 -358.3442819  -408.99891442 -111.12549998 -178.85987003
    20.17679173  -52.86895737  167.07238909   91.81227128  171.0390935
   155.00962973  242.557591    182.78387503  187.82627128  197.8734132
   203.44540888 -402.33387993 -221.38400887 -302.39559609  -98.21456043
  -299.20065288  -58.37744598  -91.57699747  180.16418427  -73.74139559
   122.43770196  150.0137567   371.37921598   84.93885129  178.34186054
   220.24232929  325.63684023 -338.7228065  -192.24316969 -236.86116709
   -66.19819859 -218.64288344  -62.87981707  -65.8877939   115.59126947
  -131.59285658   71.74078538  125.59175521  368.69925604  -25.88149698
   133.67912627  273.2600119   376.57167259 -141.51493327  -71.09333541
   -70.00223227   16.70182094 -132.17192907  -48.36474644   -5.37268253
    97.81188929 -100.42445613  -11.82955251   67.88278473  176.96206539
   -69.9801274     4.41683638  142.64502435  276.34800591]
 [-185.55012192  -94.50233966 -111.53381031   20.27857908  -54.26947471
     5.44152382  -18.38258535   47.59981859   25.97379065   49.74183732
    40.02861943   66.29300781   64.59063023   66.10334911   99.59382217
   101.26542087  -50.50629657    3.77866475  -22.15211099   39.10219971
   -73.86093999   -1.61397792   50.16041045  131.68276497   -4.61093845
    54.24279081  146.16297328  212.57261106   98.49324472  126.5141475
   203.1803765   234.79872978  -36.22990839    7.71398265  -13.95617247
    37.24271808   36.07011246   82.79903237   72.77244294  127.21616195
    81.67076829  153.66313504  152.17579234  225.10804259   80.2965224
   139.99155973  207.90055743  205.59331022   11.80803349   32.93451285
    36.57152331   62.58273928   56.70221603   81.84437082  123.34462866
   154.30000021   83.74827515  110.32674624  160.78931418  193.51309837
    56.66321211   83.78306719  179.41896566  219.52986012]
 [  30.53099378   69.37743799  -64.2059372  -120.16335892   98.1317449
    98.72076899   11.6073206    12.25820948  116.46427558  117.9764305
    83.11101969   84.78199521  122.10046739  112.7037761   110.50227259
   100.11865323  -27.00755564  -26.59708922 -123.34977665 -122.88661269
   134.38969866  118.81798797   -6.24296146  -23.81383896  203.48367544
   182.38465012   77.6869105    53.87909668  225.75121677  209.58376219
   156.14089262  137.89778694   18.37801434   20.00305288  -80.98985901
   -79.09653167  123.39298998  125.18268312   18.28329105   20.36845695
   228.90851052  245.02358776  102.81182413  106.84372092  198.45841087
   193.91472394  136.27240618  105.09699296   75.9061173    75.44256926
     7.75767342    7.18694661  162.03325281  158.02721627   75.87260738
    70.94031933  218.71412375  214.99573498  126.86554042  122.28740832
   187.20130297  191.45498318  176.60028252  175.23391848]]