TENSÃO ANTERIOR --------------------------------------------------------- 
 [[0.]
 [0.]
 [0.]] 

DELTA_SIGMA ------------------------------------------------------------- 
 [[0.]
 [0.]
 [0.]] 

STATUS: Passo 0 sem plastificação em algum ponto. Looping 0 encerrado 

TENSÃO ANTERIOR --------------------------------------------------------- 
 [[114.47994133]
 [ 28.44158152]
 [-20.1739627 ]] 

DELTA_SIGMA ------------------------------------------------------------- 
 [[114.47994133]
 [ 28.44158152]
 [-20.1739627 ]] 

STATUS: Passo 1 sem plastificação em algum ponto. Looping 0 encerrado 

TENSÃO ANTERIOR --------------------------------------------------------- 
 [[228.95988267]
 [ 56.88316303]
 [-40.34792539]] 

DELTA_SIGMA ------------------------------------------------------------- 
 [[114.47994133]
 [ 28.44158152]
 [-20.1739627 ]] 

STATUS: Passo 2 sem plastificação em algum ponto. Looping 0 encerrado 

TENSÃO ANTERIOR --------------------------------------------------------- 
 [[343.439824  ]
 [ 85.32474455]
 [-60.52188809]] 

DELTA_SIGMA ------------------------------------------------------------- 
 [[114.47994133]
 [ 28.44158152]
 [-20.1739627 ]] 

STATUS: Passo 3 com plastificação em algum ponto. Looping 0 continuado 

TENSÃO ANTERIOR --------------------------------------------------------- 
 [[457.91976534]
 [113.76632607]
 [-80.69585079]] 

DELTA_SIGMA ------------------------------------------------------------- 
 [[114.47994133]
 [ 28.44158152]
 [-20.1739627 ]] 

STATUS: Passo 3 sem plastificação em algum ponto. Looping 0 encerrado 

[[ 0.00000000e+00]
 [ 0.00000000e+00]
 [ 0.00000000e+00]
 [ 0.00000000e+00]
 [ 0.00000000e+00]
 [ 0.00000000e+00]
 [ 2.66528152e-03]
 [-1.50532416e-04]
 [ 0.00000000e+00]
 [ 0.00000000e+00]
 [ 0.00000000e+00]
 [ 0.00000000e+00]
 [ 0.00000000e+00]
 [ 0.00000000e+00]
 [ 0.00000000e+00]
 [ 0.00000000e+00]
 [ 0.00000000e+00]
 [ 0.00000000e+00]
 [ 0.00000000e+00]
 [ 0.00000000e+00]
 [ 0.00000000e+00]
 [ 0.00000000e+00]
 [ 2.16753200e-03]
 [-1.25426153e-03]
 [ 1.73777623e-03]
 [-7.13944496e-04]
 [ 2.10071351e-03]
 [-3.19955803e-04]
 [ 2.59795784e-03]
 [-3.43997299e-04]
 [ 2.01478092e-03]
 [-4.27743757e-04]
 [ 1.57018593e-03]
 [-9.27600544e-05]
 [ 1.51403273e-03]
 [ 9.43238738e-05]
 [ 1.49298604e-03]
 [ 2.60688943e-04]
 [ 1.50512515e-03]
 [ 4.47465591e-04]
 [ 1.55928594e-03]
 [ 7.02474054e-04]
 [ 1.98430063e-03]
 [ 1.18477748e-03]
 [ 3.92514429e-03]
 [-1.77673413e-03]
 [ 3.63866641e-03]
 [-1.25681612e-03]
 [ 3.65660851e-03]
 [-8.39262467e-04]
 [ 3.70225684e-03]
 [-6.24957460e-04]
 [ 3.50512420e-03]
 [-4.42938514e-04]
 [ 3.24928131e-03]
 [-1.77916097e-04]
 [ 3.11274433e-03]
 [ 1.53425175e-04]
 [ 3.08400216e-03]
 [ 4.70834940e-04]
 [ 3.11442495e-03]
 [ 8.18185874e-04]
 [ 3.25961847e-03]
 [ 1.24496352e-03]
 [ 3.58110157e-03]
 [ 1.70204039e-03]
 [ 5.60158354e-03]
 [-2.13294704e-03]
 [ 5.36173790e-03]
 [-1.64696288e-03]
 [ 5.24641997e-03]
 [-1.21024758e-03]
 [ 5.16458403e-03]
 [-8.53025668e-04]
 [ 5.03104251e-03]
 [-5.32941651e-04]
 [ 4.87655112e-03]
 [-1.83860634e-04]
 [ 4.76986199e-03]
 [ 2.00810594e-04]
 [ 4.73691322e-03]
 [ 6.13386058e-04]
 [ 4.78241330e-03]
 [ 1.05300610e-03]
 [ 4.91183955e-03]
 [ 1.52009266e-03]
 [ 5.10669447e-03]
 [ 1.98984521e-03]
 [ 7.21831510e-03]
 [-2.39913629e-03]
 [ 7.01757822e-03]
 [-1.91966273e-03]
 [ 6.86881501e-03]
 [-1.45855920e-03]
 [ 6.74724065e-03]
 [-1.03188552e-03]
 [ 6.62746776e-03]
 [-6.23591606e-04]
 [ 6.51572834e-03]
 [-2.08230906e-04]
 [ 6.43815975e-03]
 [ 2.29137911e-04]
 [ 6.41494274e-03]
 [ 6.88452487e-04]
 [ 6.45184926e-03]
 [ 1.16536620e-03]
 [ 6.53997290e-03]
 [ 1.64967189e-03]
 [ 6.64168363e-03]
 [ 2.12363086e-03]
 [ 8.81410091e-03]
 [-2.58863028e-03]
 [ 8.65333481e-03]
 [-2.10752155e-03]
 [ 8.50639542e-03]
 [-1.62993910e-03]
 [ 8.37799185e-03]
 [-1.16484286e-03]
 [ 8.26523105e-03]
 [-7.07708177e-04]
 [ 8.17267013e-03]
 [-2.47272053e-04]
 [ 8.11181977e-03]
 [ 2.24430949e-04]
 [ 8.09218022e-03]
 [ 7.08689180e-04]
 [ 8.11385385e-03]
 [ 1.20057765e-03]
 [ 8.16203511e-03]
 [ 1.69105440e-03]
 [ 8.20184663e-03]
 [ 2.17069933e-03]
 [ 1.04141096e-02]
 [-2.72433824e-03]
 [ 1.02850041e-02]
 [-2.23942553e-03]
 [ 1.01511070e-02]
 [-1.75209343e-03]
 [ 1.00277457e-02]
 [-1.26693671e-03]
 [ 9.92172715e-03]
 [-7.83305422e-04]
 [ 9.83882585e-03]
 [-2.97302167e-04]
 [ 9.78505718e-03]
 [ 1.94262031e-04]
 [ 9.76336166e-03]
 [ 6.91085081e-04]
 [ 9.76921637e-03]
 [ 1.18919332e-03]
 [ 9.78709736e-03]
 [ 1.68268563e-03]
 [ 9.78872746e-03]
 [ 2.16738207e-03]
 [ 1.20283939e-02]
 [-2.82815204e-03]
 [ 1.19195206e-02]
 [-2.33906936e-03]
 [ 1.17989618e-02]
 [-1.84602609e-03]
 [ 1.16836948e-02]
 [-1.35053930e-03]
 [ 1.15838795e-02]
 [-8.53289222e-04]
 [ 1.15061918e-02]
 [-3.53779399e-04]
 [ 1.14544762e-02]
 [ 1.48238033e-04]
 [ 1.14283227e-02]
 [ 6.51401534e-04]
 [ 1.14210982e-02]
 [ 1.15256367e-03]
 [ 1.14186383e-02]
 [ 1.64824627e-03]
 [ 1.13991896e-02]
 [ 2.13744276e-03]
 [ 1.36586395e-02]
 [-2.91746879e-03]
 [ 1.35594392e-02]
 [-2.42457433e-03]
 [ 1.34486247e-02]
 [-1.92750547e-03]
 [ 1.33404573e-02]
 [-1.42596186e-03]
 [ 1.32454255e-02]
 [-9.21019310e-04]
 [ 1.31705678e-02]
 [-4.13734230e-04]
 [ 1.31188765e-02]
 [ 9.45793707e-05]
 [ 1.30884691e-02]
 [ 6.01917212e-04]
 [ 1.30720215e-02]
 [ 1.10570861e-03]
 [ 1.30573515e-02]
 [ 1.60380027e-03]
 [ 1.30288513e-02]
 [ 2.09683878e-03]
 [ 1.53018041e-02]
 [-3.00533971e-03]
 [ 1.52050248e-02]
 [-2.50939202e-03]
 [ 1.51000967e-02]
 [-2.00865481e-03]
 [ 1.49966393e-02]
 [-1.50199475e-03]
 [ 1.49046871e-02]
 [-9.90249002e-04]
 [ 1.48312881e-02]
 [-4.75380232e-04]
 [ 1.47790959e-02]
 [ 3.98506511e-05]
 [ 1.47457255e-02]
 [ 5.52428763e-04]
 [ 1.47237954e-02]
 [ 1.05985081e-03]
 [ 1.47025304e-02]
 [ 1.56093167e-03]
 [ 1.46722032e-02]
 [ 2.05695895e-03]
 [ 1.69512701e-02]
 [-3.09864218e-03]
 [ 1.68548774e-02]
 [-2.60251388e-03]
 [ 1.67533229e-02]
 [-2.10063463e-03]
 [ 1.66532007e-02]
 [-1.58836257e-03]
 [ 1.65636398e-02]
 [-1.06608300e-03]
 [ 1.64912075e-02]
 [-5.37803732e-04]
 [ 1.64382959e-02]
 [-9.35835904e-06]
 [ 1.64025412e-02]
 [ 5.13217816e-04]
 [ 1.63770575e-02]
 [ 1.02556888e-03]
 [ 1.63522776e-02]
 [ 1.52728576e-03]
 [ 1.63217745e-02]
 [ 2.02331444e-03]] [[ 4.62358893e+02  4.06191158e+02  4.41173569e+02 ...  3.39741568e+02
   3.39764511e+02  3.39741514e+02]
 [ 1.15186088e+02  9.83357677e+01  4.45683406e+01 ... -2.59211353e-01
  -2.52493389e-01 -2.59392548e-01]
 [-8.31337584e+01 -5.84175467e+01 -6.34750510e+01 ... -2.59915785e-01
  -2.51930185e-01 -2.51866766e-01]]