%HEADER
Output file created by FEMEP (version October/2021).
'File created by FEMEP program'

%HEADER.ANALYSIS
'plane_stress'

%NODE
1283

%NODE.COORD
1283
1 5.000000 5.000000 0.000000
2 5.250000 5.000000 0.000000
3 5.500000 5.000000 0.000000
4 5.750000 5.000000 0.000000
5 6.000000 5.000000 0.000000
6 6.250000 5.000000 0.000000
7 6.500000 5.000000 0.000000
8 6.750000 5.000000 0.000000
9 7.000000 5.000000 0.000000
10 7.250000 5.000000 0.000000
11 7.500000 5.000000 0.000000
12 7.750000 5.000000 0.000000
13 8.000000 5.000000 0.000000
14 8.250000 5.000000 0.000000
15 8.500000 5.000000 0.000000
16 8.750000 5.000000 0.000000
17 9.000000 5.000000 0.000000
18 9.250000 5.000000 0.000000
19 9.500000 5.000000 0.000000
20 9.750000 5.000000 0.000000
21 10.000000 5.000000 0.000000
22 5.000000 5.250000 0.000000
23 5.250000 5.250000 0.000000
24 5.500000 5.250000 0.000000
25 5.750000 5.250000 0.000000
26 6.000000 5.250000 0.000000
27 6.250000 5.250000 0.000000
28 6.500000 5.250000 0.000000
29 6.750000 5.250000 0.000000
30 7.000000 5.250000 0.000000
31 7.250000 5.250000 0.000000
32 7.500000 5.250000 0.000000
33 7.750000 5.250000 0.000000
34 8.000000 5.250000 0.000000
35 8.250000 5.250000 0.000000
36 8.500000 5.250000 0.000000
37 8.750000 5.250000 0.000000
38 9.000000 5.250000 0.000000
39 9.250000 5.250000 0.000000
40 9.500000 5.250000 0.000000
41 9.750000 5.250000 0.000000
42 10.000000 5.250000 0.000000
43 5.000000 5.500000 0.000000
44 5.250000 5.500000 0.000000
45 5.500000 5.500000 0.000000
46 5.750000 5.500000 0.000000
47 6.000000 5.500000 0.000000
48 6.250000 5.500000 0.000000
49 6.500000 5.500000 0.000000
50 6.750000 5.500000 0.000000
51 7.000000 5.500000 0.000000
52 7.250000 5.500000 0.000000
53 7.500000 5.500000 0.000000
54 7.750000 5.500000 0.000000
55 8.000000 5.500000 0.000000
56 8.250000 5.500000 0.000000
57 8.500000 5.500000 0.000000
58 8.750000 5.500000 0.000000
59 9.000000 5.500000 0.000000
60 9.250000 5.500000 0.000000
61 9.500000 5.500000 0.000000
62 9.750000 5.500000 0.000000
63 10.000000 5.500000 0.000000
64 5.000000 5.750000 0.000000
65 5.250000 5.750000 0.000000
66 5.500000 5.750000 0.000000
67 5.750000 5.750000 0.000000
68 6.000000 5.750000 0.000000
69 6.250000 5.750000 0.000000
70 6.500000 5.750000 0.000000
71 6.750000 5.750000 0.000000
72 7.000000 5.750000 0.000000
73 7.250000 5.750000 0.000000
74 7.500000 5.750000 0.000000
75 7.750000 5.750000 0.000000
76 8.000000 5.750000 0.000000
77 8.250000 5.750000 0.000000
78 8.500000 5.750000 0.000000
79 8.750000 5.750000 0.000000
80 9.000000 5.750000 0.000000
81 9.250000 5.750000 0.000000
82 9.500000 5.750000 0.000000
83 9.750000 5.750000 0.000000
84 10.000000 5.750000 0.000000
85 5.000000 6.000000 0.000000
86 5.250000 6.000000 0.000000
87 5.500000 6.000000 0.000000
88 5.750000 6.000000 0.000000
89 6.000000 6.000000 0.000000
90 6.250000 6.000000 0.000000
91 6.500000 6.000000 0.000000
92 6.750000 6.000000 0.000000
93 7.000000 6.000000 0.000000
94 7.250000 6.000000 0.000000
95 7.500000 6.000000 0.000000
96 7.750000 6.000000 0.000000
97 8.000000 6.000000 0.000000
98 8.250000 6.000000 0.000000
99 8.500000 6.000000 0.000000
100 8.750000 6.000000 0.000000
101 9.000000 6.000000 0.000000
102 9.250000 6.000000 0.000000
103 9.500000 6.000000 0.000000
104 9.750000 6.000000 0.000000
105 10.000000 6.000000 0.000000
106 5.000000 6.250000 0.000000
107 5.250000 6.250000 0.000000
108 5.500000 6.250000 0.000000
109 5.750000 6.250000 0.000000
110 6.000000 6.250000 0.000000
111 6.250000 6.250000 0.000000
112 6.500000 6.250000 0.000000
113 6.750000 6.250000 0.000000
114 7.000000 6.250000 0.000000
115 7.250000 6.250000 0.000000
116 7.500000 6.250000 0.000000
117 7.750000 6.250000 0.000000
118 8.000000 6.250000 0.000000
119 8.250000 6.250000 0.000000
120 8.500000 6.250000 0.000000
121 8.750000 6.250000 0.000000
122 9.000000 6.250000 0.000000
123 9.250000 6.250000 0.000000
124 9.500000 6.250000 0.000000
125 9.750000 6.250000 0.000000
126 10.000000 6.250000 0.000000
127 5.000000 6.500000 0.000000
128 5.250000 6.500000 0.000000
129 5.500000 6.500000 0.000000
130 5.750000 6.500000 0.000000
131 6.000000 6.500000 0.000000
132 6.250000 6.500000 0.000000
133 6.500000 6.500000 0.000000
134 6.750000 6.500000 0.000000
135 7.000000 6.500000 0.000000
136 7.250000 6.500000 0.000000
137 7.500000 6.500000 0.000000
138 7.750000 6.500000 0.000000
139 8.000000 6.500000 0.000000
140 8.250000 6.500000 0.000000
141 8.500000 6.500000 0.000000
142 8.750000 6.500000 0.000000
143 9.000000 6.500000 0.000000
144 9.250000 6.500000 0.000000
145 9.500000 6.500000 0.000000
146 9.750000 6.500000 0.000000
147 10.000000 6.500000 0.000000
148 5.000000 6.750000 0.000000
149 5.250000 6.750000 0.000000
150 5.500000 6.750000 0.000000
151 5.750000 6.750000 0.000000
152 6.000000 6.750000 0.000000
153 6.250000 6.750000 0.000000
154 6.500000 6.750000 0.000000
155 6.750000 6.750000 0.000000
156 7.000000 6.750000 0.000000
157 7.250000 6.750000 0.000000
158 7.500000 6.750000 0.000000
159 7.750000 6.750000 0.000000
160 8.000000 6.750000 0.000000
161 8.250000 6.750000 0.000000
162 8.500000 6.750000 0.000000
163 8.750000 6.750000 0.000000
164 9.000000 6.750000 0.000000
165 9.250000 6.750000 0.000000
166 9.500000 6.750000 0.000000
167 9.750000 6.750000 0.000000
168 10.000000 6.750000 0.000000
169 5.000000 7.000000 0.000000
170 5.250000 7.000000 0.000000
171 5.500000 7.000000 0.000000
172 5.750000 7.000000 0.000000
173 6.000000 7.000000 0.000000
174 6.250000 7.000000 0.000000
175 6.500000 7.000000 0.000000
176 6.750000 7.000000 0.000000
177 7.000000 7.000000 0.000000
178 7.250000 7.000000 0.000000
179 7.500000 7.000000 0.000000
180 7.750000 7.000000 0.000000
181 8.000000 7.000000 0.000000
182 8.250000 7.000000 0.000000
183 8.500000 7.000000 0.000000
184 8.750000 7.000000 0.000000
185 9.000000 7.000000 0.000000
186 9.250000 7.000000 0.000000
187 9.500000 7.000000 0.000000
188 9.750000 7.000000 0.000000
189 10.000000 7.000000 0.000000
190 5.000000 7.250000 0.000000
191 5.250000 7.250000 0.000000
192 5.500000 7.250000 0.000000
193 5.750000 7.250000 0.000000
194 6.000000 7.250000 0.000000
195 6.250000 7.250000 0.000000
196 6.500000 7.250000 0.000000
197 6.750000 7.250000 0.000000
198 7.000000 7.250000 0.000000
199 7.250000 7.250000 0.000000
200 7.500000 7.250000 0.000000
201 7.750000 7.250000 0.000000
202 8.000000 7.250000 0.000000
203 8.250000 7.250000 0.000000
204 8.500000 7.250000 0.000000
205 8.750000 7.250000 0.000000
206 9.000000 7.250000 0.000000
207 9.250000 7.250000 0.000000
208 9.500000 7.250000 0.000000
209 9.750000 7.250000 0.000000
210 10.000000 7.250000 0.000000
211 5.000000 7.500000 0.000000
212 5.250000 7.500000 0.000000
213 5.500000 7.500000 0.000000
214 5.750000 7.500000 0.000000
215 6.000000 7.500000 0.000000
216 6.250000 7.500000 0.000000
217 6.500000 7.500000 0.000000
218 6.750000 7.500000 0.000000
219 7.000000 7.500000 0.000000
220 7.250000 7.500000 0.000000
221 7.500000 7.500000 0.000000
222 7.750000 7.500000 0.000000
223 8.000000 7.500000 0.000000
224 8.250000 7.500000 0.000000
225 8.500000 7.500000 0.000000
226 8.750000 7.500000 0.000000
227 9.000000 7.500000 0.000000
228 9.250000 7.500000 0.000000
229 9.500000 7.500000 0.000000
230 9.750000 7.500000 0.000000
231 10.000000 7.500000 0.000000
232 5.000000 7.750000 0.000000
233 5.250000 7.750000 0.000000
234 5.500000 7.750000 0.000000
235 5.750000 7.750000 0.000000
236 6.000000 7.750000 0.000000
237 6.250000 7.750000 0.000000
238 6.500000 7.750000 0.000000
239 6.750000 7.750000 0.000000
240 7.000000 7.750000 0.000000
241 7.250000 7.750000 0.000000
242 7.500000 7.750000 0.000000
243 7.750000 7.750000 0.000000
244 8.000000 7.750000 0.000000
245 8.250000 7.750000 0.000000
246 8.500000 7.750000 0.000000
247 8.750000 7.750000 0.000000
248 9.000000 7.750000 0.000000
249 9.250000 7.750000 0.000000
250 9.500000 7.750000 0.000000
251 9.750000 7.750000 0.000000
252 10.000000 7.750000 0.000000
253 5.000000 8.000000 0.000000
254 5.250000 8.000000 0.000000
255 5.500000 8.000000 0.000000
256 5.750000 8.000000 0.000000
257 6.000000 8.000000 0.000000
258 6.250000 8.000000 0.000000
259 6.500000 8.000000 0.000000
260 6.750000 8.000000 0.000000
261 7.000000 8.000000 0.000000
262 7.250000 8.000000 0.000000
263 7.500000 8.000000 0.000000
264 7.750000 8.000000 0.000000
265 8.000000 8.000000 0.000000
266 8.250000 8.000000 0.000000
267 8.500000 8.000000 0.000000
268 8.750000 8.000000 0.000000
269 9.000000 8.000000 0.000000
270 9.250000 8.000000 0.000000
271 9.500000 8.000000 0.000000
272 9.750000 8.000000 0.000000
273 10.000000 8.000000 0.000000
274 5.000000 8.250000 0.000000
275 5.250000 8.250000 0.000000
276 5.500000 8.250000 0.000000
277 5.750000 8.250000 0.000000
278 6.000000 8.250000 0.000000
279 6.250000 8.250000 0.000000
280 6.500000 8.250000 0.000000
281 6.750000 8.250000 0.000000
282 7.000000 8.250000 0.000000
283 7.250000 8.250000 0.000000
284 7.500000 8.250000 0.000000
285 7.750000 8.250000 0.000000
286 8.000000 8.250000 0.000000
287 8.250000 8.250000 0.000000
288 8.500000 8.250000 0.000000
289 8.750000 8.250000 0.000000
290 9.000000 8.250000 0.000000
291 9.250000 8.250000 0.000000
292 9.500000 8.250000 0.000000
293 9.750000 8.250000 0.000000
294 10.000000 8.250000 0.000000
295 5.000000 8.500000 0.000000
296 5.250000 8.500000 0.000000
297 5.500000 8.500000 0.000000
298 5.750000 8.500000 0.000000
299 6.000000 8.500000 0.000000
300 6.250000 8.500000 0.000000
301 6.500000 8.500000 0.000000
302 6.750000 8.500000 0.000000
303 7.000000 8.500000 0.000000
304 7.250000 8.500000 0.000000
305 7.500000 8.500000 0.000000
306 7.750000 8.500000 0.000000
307 8.000000 8.500000 0.000000
308 8.250000 8.500000 0.000000
309 8.500000 8.500000 0.000000
310 8.750000 8.500000 0.000000
311 9.000000 8.500000 0.000000
312 9.250000 8.500000 0.000000
313 9.500000 8.500000 0.000000
314 9.750000 8.500000 0.000000
315 10.000000 8.500000 0.000000
316 5.000000 8.750000 0.000000
317 5.250000 8.750000 0.000000
318 5.500000 8.750000 0.000000
319 5.750000 8.750000 0.000000
320 6.000000 8.750000 0.000000
321 6.250000 8.750000 0.000000
322 6.500000 8.750000 0.000000
323 6.750000 8.750000 0.000000
324 7.000000 8.750000 0.000000
325 7.250000 8.750000 0.000000
326 7.500000 8.750000 0.000000
327 7.750000 8.750000 0.000000
328 8.000000 8.750000 0.000000
329 8.250000 8.750000 0.000000
330 8.500000 8.750000 0.000000
331 8.750000 8.750000 0.000000
332 9.000000 8.750000 0.000000
333 9.250000 8.750000 0.000000
334 9.500000 8.750000 0.000000
335 9.750000 8.750000 0.000000
336 10.000000 8.750000 0.000000
337 5.000000 9.000000 0.000000
338 5.250000 9.000000 0.000000
339 5.500000 9.000000 0.000000
340 5.750000 9.000000 0.000000
341 6.000000 9.000000 0.000000
342 6.250000 9.000000 0.000000
343 6.500000 9.000000 0.000000
344 6.750000 9.000000 0.000000
345 7.000000 9.000000 0.000000
346 7.250000 9.000000 0.000000
347 7.500000 9.000000 0.000000
348 7.750000 9.000000 0.000000
349 8.000000 9.000000 0.000000
350 8.250000 9.000000 0.000000
351 8.500000 9.000000 0.000000
352 8.750000 9.000000 0.000000
353 9.000000 9.000000 0.000000
354 9.250000 9.000000 0.000000
355 9.500000 9.000000 0.000000
356 9.750000 9.000000 0.000000
357 10.000000 9.000000 0.000000
358 5.000000 9.250000 0.000000
359 5.250000 9.250000 0.000000
360 5.500000 9.250000 0.000000
361 5.750000 9.250000 0.000000
362 6.000000 9.250000 0.000000
363 6.250000 9.250000 0.000000
364 6.500000 9.250000 0.000000
365 6.750000 9.250000 0.000000
366 7.000000 9.250000 0.000000
367 7.250000 9.250000 0.000000
368 7.500000 9.250000 0.000000
369 7.750000 9.250000 0.000000
370 8.000000 9.250000 0.000000
371 8.250000 9.250000 0.000000
372 8.500000 9.250000 0.000000
373 8.750000 9.250000 0.000000
374 9.000000 9.250000 0.000000
375 9.250000 9.250000 0.000000
376 9.500000 9.250000 0.000000
377 9.750000 9.250000 0.000000
378 10.000000 9.250000 0.000000
379 5.000000 9.500000 0.000000
380 5.250000 9.500000 0.000000
381 5.500000 9.500000 0.000000
382 5.750000 9.500000 0.000000
383 6.000000 9.500000 0.000000
384 6.250000 9.500000 0.000000
385 6.500000 9.500000 0.000000
386 6.750000 9.500000 0.000000
387 7.000000 9.500000 0.000000
388 7.250000 9.500000 0.000000
389 7.500000 9.500000 0.000000
390 7.750000 9.500000 0.000000
391 8.000000 9.500000 0.000000
392 8.250000 9.500000 0.000000
393 8.500000 9.500000 0.000000
394 8.750000 9.500000 0.000000
395 9.000000 9.500000 0.000000
396 9.250000 9.500000 0.000000
397 9.500000 9.500000 0.000000
398 9.750000 9.500000 0.000000
399 10.000000 9.500000 0.000000
400 5.000000 9.750000 0.000000
401 5.250000 9.750000 0.000000
402 5.500000 9.750000 0.000000
403 5.750000 9.750000 0.000000
404 6.000000 9.750000 0.000000
405 6.250000 9.750000 0.000000
406 6.500000 9.750000 0.000000
407 6.750000 9.750000 0.000000
408 7.000000 9.750000 0.000000
409 7.250000 9.750000 0.000000
410 7.500000 9.750000 0.000000
411 7.750000 9.750000 0.000000
412 8.000000 9.750000 0.000000
413 8.250000 9.750000 0.000000
414 8.500000 9.750000 0.000000
415 8.750000 9.750000 0.000000
416 9.000000 9.750000 0.000000
417 9.250000 9.750000 0.000000
418 9.500000 9.750000 0.000000
419 9.750000 9.750000 0.000000
420 10.000000 9.750000 0.000000
421 5.000000 10.000000 0.000000
422 5.250000 10.000000 0.000000
423 5.500000 10.000000 0.000000
424 5.750000 10.000000 0.000000
425 6.000000 10.000000 0.000000
426 6.250000 10.000000 0.000000
427 6.500000 10.000000 0.000000
428 6.750000 10.000000 0.000000
429 7.000000 10.000000 0.000000
430 7.250000 10.000000 0.000000
431 7.500000 10.000000 0.000000
432 7.750000 10.000000 0.000000
433 8.000000 10.000000 0.000000
434 8.250000 10.000000 0.000000
435 8.500000 10.000000 0.000000
436 8.750000 10.000000 0.000000
437 9.000000 10.000000 0.000000
438 9.250000 10.000000 0.000000
439 9.500000 10.000000 0.000000
440 9.750000 10.000000 0.000000
441 10.000000 10.000000 0.000000
442 5.000000 0.000000 0.000000
443 5.000000 0.250000 0.000000
444 5.000000 0.500000 0.000000
445 5.000000 0.750000 0.000000
446 5.000000 1.000000 0.000000
447 5.000000 1.250000 0.000000
448 5.000000 1.500000 0.000000
449 5.000000 1.750000 0.000000
450 5.000000 2.000000 0.000000
451 5.000000 2.250000 0.000000
452 5.000000 2.500000 0.000000
453 5.000000 2.750000 0.000000
454 5.000000 3.000000 0.000000
455 5.000000 3.250000 0.000000
456 5.000000 3.500000 0.000000
457 5.000000 3.750000 0.000000
458 5.000000 4.000000 0.000000
459 5.000000 4.250000 0.000000
460 5.000000 4.500000 0.000000
461 5.000000 4.750000 0.000000
462 4.750000 0.000000 0.000000
463 4.750000 0.250000 0.000000
464 4.750000 0.500000 0.000000
465 4.750000 0.750000 0.000000
466 4.750000 1.000000 0.000000
467 4.750000 1.250000 0.000000
468 4.750000 1.500000 0.000000
469 4.750000 1.750000 0.000000
470 4.750000 2.000000 0.000000
471 4.750000 2.250000 0.000000
472 4.750000 2.500000 0.000000
473 4.750000 2.750000 0.000000
474 4.750000 3.000000 0.000000
475 4.750000 3.250000 0.000000
476 4.750000 3.500000 0.000000
477 4.750000 3.750000 0.000000
478 4.750000 4.000000 0.000000
479 4.750000 4.250000 0.000000
480 4.750000 4.500000 0.000000
481 4.750000 4.750000 0.000000
482 4.750000 5.000000 0.000000
483 4.500000 0.000000 0.000000
484 4.500000 0.250000 0.000000
485 4.500000 0.500000 0.000000
486 4.500000 0.750000 0.000000
487 4.500000 1.000000 0.000000
488 4.500000 1.250000 0.000000
489 4.500000 1.500000 0.000000
490 4.500000 1.750000 0.000000
491 4.500000 2.000000 0.000000
492 4.500000 2.250000 0.000000
493 4.500000 2.500000 0.000000
494 4.500000 2.750000 0.000000
495 4.500000 3.000000 0.000000
496 4.500000 3.250000 0.000000
497 4.500000 3.500000 0.000000
498 4.500000 3.750000 0.000000
499 4.500000 4.000000 0.000000
500 4.500000 4.250000 0.000000
501 4.500000 4.500000 0.000000
502 4.500000 4.750000 0.000000
503 4.500000 5.000000 0.000000
504 4.250000 0.000000 0.000000
505 4.250000 0.250000 0.000000
506 4.250000 0.500000 0.000000
507 4.250000 0.750000 0.000000
508 4.250000 1.000000 0.000000
509 4.250000 1.250000 0.000000
510 4.250000 1.500000 0.000000
511 4.250000 1.750000 0.000000
512 4.250000 2.000000 0.000000
513 4.250000 2.250000 0.000000
514 4.250000 2.500000 0.000000
515 4.250000 2.750000 0.000000
516 4.250000 3.000000 0.000000
517 4.250000 3.250000 0.000000
518 4.250000 3.500000 0.000000
519 4.250000 3.750000 0.000000
520 4.250000 4.000000 0.000000
521 4.250000 4.250000 0.000000
522 4.250000 4.500000 0.000000
523 4.250000 4.750000 0.000000
524 4.250000 5.000000 0.000000
525 4.000000 0.000000 0.000000
526 4.000000 0.250000 0.000000
527 4.000000 0.500000 0.000000
528 4.000000 0.750000 0.000000
529 4.000000 1.000000 0.000000
530 4.000000 1.250000 0.000000
531 4.000000 1.500000 0.000000
532 4.000000 1.750000 0.000000
533 4.000000 2.000000 0.000000
534 4.000000 2.250000 0.000000
535 4.000000 2.500000 0.000000
536 4.000000 2.750000 0.000000
537 4.000000 3.000000 0.000000
538 4.000000 3.250000 0.000000
539 4.000000 3.500000 0.000000
540 4.000000 3.750000 0.000000
541 4.000000 4.000000 0.000000
542 4.000000 4.250000 0.000000
543 4.000000 4.500000 0.000000
544 4.000000 4.750000 0.000000
545 4.000000 5.000000 0.000000
546 3.750000 0.000000 0.000000
547 3.750000 0.250000 0.000000
548 3.750000 0.500000 0.000000
549 3.750000 0.750000 0.000000
550 3.750000 1.000000 0.000000
551 3.750000 1.250000 0.000000
552 3.750000 1.500000 0.000000
553 3.750000 1.750000 0.000000
554 3.750000 2.000000 0.000000
555 3.750000 2.250000 0.000000
556 3.750000 2.500000 0.000000
557 3.750000 2.750000 0.000000
558 3.750000 3.000000 0.000000
559 3.750000 3.250000 0.000000
560 3.750000 3.500000 0.000000
561 3.750000 3.750000 0.000000
562 3.750000 4.000000 0.000000
563 3.750000 4.250000 0.000000
564 3.750000 4.500000 0.000000
565 3.750000 4.750000 0.000000
566 3.750000 5.000000 0.000000
567 3.500000 0.000000 0.000000
568 3.500000 0.250000 0.000000
569 3.500000 0.500000 0.000000
570 3.500000 0.750000 0.000000
571 3.500000 1.000000 0.000000
572 3.500000 1.250000 0.000000
573 3.500000 1.500000 0.000000
574 3.500000 1.750000 0.000000
575 3.500000 2.000000 0.000000
576 3.500000 2.250000 0.000000
577 3.500000 2.500000 0.000000
578 3.500000 2.750000 0.000000
579 3.500000 3.000000 0.000000
580 3.500000 3.250000 0.000000
581 3.500000 3.500000 0.000000
582 3.500000 3.750000 0.000000
583 3.500000 4.000000 0.000000
584 3.500000 4.250000 0.000000
585 3.500000 4.500000 0.000000
586 3.500000 4.750000 0.000000
587 3.500000 5.000000 0.000000
588 3.250000 0.000000 0.000000
589 3.250000 0.250000 0.000000
590 3.250000 0.500000 0.000000
591 3.250000 0.750000 0.000000
592 3.250000 1.000000 0.000000
593 3.250000 1.250000 0.000000
594 3.250000 1.500000 0.000000
595 3.250000 1.750000 0.000000
596 3.250000 2.000000 0.000000
597 3.250000 2.250000 0.000000
598 3.250000 2.500000 0.000000
599 3.250000 2.750000 0.000000
600 3.250000 3.000000 0.000000
601 3.250000 3.250000 0.000000
602 3.250000 3.500000 0.000000
603 3.250000 3.750000 0.000000
604 3.250000 4.000000 0.000000
605 3.250000 4.250000 0.000000
606 3.250000 4.500000 0.000000
607 3.250000 4.750000 0.000000
608 3.250000 5.000000 0.000000
609 3.000000 0.000000 0.000000
610 3.000000 0.250000 0.000000
611 3.000000 0.500000 0.000000
612 3.000000 0.750000 0.000000
613 3.000000 1.000000 0.000000
614 3.000000 1.250000 0.000000
615 3.000000 1.500000 0.000000
616 3.000000 1.750000 0.000000
617 3.000000 2.000000 0.000000
618 3.000000 2.250000 0.000000
619 3.000000 2.500000 0.000000
620 3.000000 2.750000 0.000000
621 3.000000 3.000000 0.000000
622 3.000000 3.250000 0.000000
623 3.000000 3.500000 0.000000
624 3.000000 3.750000 0.000000
625 3.000000 4.000000 0.000000
626 3.000000 4.250000 0.000000
627 3.000000 4.500000 0.000000
628 3.000000 4.750000 0.000000
629 3.000000 5.000000 0.000000
630 2.750000 0.000000 0.000000
631 2.750000 0.250000 0.000000
632 2.750000 0.500000 0.000000
633 2.750000 0.750000 0.000000
634 2.750000 1.000000 0.000000
635 2.750000 1.250000 0.000000
636 2.750000 1.500000 0.000000
637 2.750000 1.750000 0.000000
638 2.750000 2.000000 0.000000
639 2.750000 2.250000 0.000000
640 2.750000 2.500000 0.000000
641 2.750000 2.750000 0.000000
642 2.750000 3.000000 0.000000
643 2.750000 3.250000 0.000000
644 2.750000 3.500000 0.000000
645 2.750000 3.750000 0.000000
646 2.750000 4.000000 0.000000
647 2.750000 4.250000 0.000000
648 2.750000 4.500000 0.000000
649 2.750000 4.750000 0.000000
650 2.750000 5.000000 0.000000
651 2.500000 0.000000 0.000000
652 2.500000 0.250000 0.000000
653 2.500000 0.500000 0.000000
654 2.500000 0.750000 0.000000
655 2.500000 1.000000 0.000000
656 2.500000 1.250000 0.000000
657 2.500000 1.500000 0.000000
658 2.500000 1.750000 0.000000
659 2.500000 2.000000 0.000000
660 2.500000 2.250000 0.000000
661 2.500000 2.500000 0.000000
662 2.500000 2.750000 0.000000
663 2.500000 3.000000 0.000000
664 2.500000 3.250000 0.000000
665 2.500000 3.500000 0.000000
666 2.500000 3.750000 0.000000
667 2.500000 4.000000 0.000000
668 2.500000 4.250000 0.000000
669 2.500000 4.500000 0.000000
670 2.500000 4.750000 0.000000
671 2.500000 5.000000 0.000000
672 2.250000 0.000000 0.000000
673 2.250000 0.250000 0.000000
674 2.250000 0.500000 0.000000
675 2.250000 0.750000 0.000000
676 2.250000 1.000000 0.000000
677 2.250000 1.250000 0.000000
678 2.250000 1.500000 0.000000
679 2.250000 1.750000 0.000000
680 2.250000 2.000000 0.000000
681 2.250000 2.250000 0.000000
682 2.250000 2.500000 0.000000
683 2.250000 2.750000 0.000000
684 2.250000 3.000000 0.000000
685 2.250000 3.250000 0.000000
686 2.250000 3.500000 0.000000
687 2.250000 3.750000 0.000000
688 2.250000 4.000000 0.000000
689 2.250000 4.250000 0.000000
690 2.250000 4.500000 0.000000
691 2.250000 4.750000 0.000000
692 2.250000 5.000000 0.000000
693 2.000000 0.000000 0.000000
694 2.000000 0.250000 0.000000
695 2.000000 0.500000 0.000000
696 2.000000 0.750000 0.000000
697 2.000000 1.000000 0.000000
698 2.000000 1.250000 0.000000
699 2.000000 1.500000 0.000000
700 2.000000 1.750000 0.000000
701 2.000000 2.000000 0.000000
702 2.000000 2.250000 0.000000
703 2.000000 2.500000 0.000000
704 2.000000 2.750000 0.000000
705 2.000000 3.000000 0.000000
706 2.000000 3.250000 0.000000
707 2.000000 3.500000 0.000000
708 2.000000 3.750000 0.000000
709 2.000000 4.000000 0.000000
710 2.000000 4.250000 0.000000
711 2.000000 4.500000 0.000000
712 2.000000 4.750000 0.000000
713 2.000000 5.000000 0.000000
714 1.750000 0.000000 0.000000
715 1.750000 0.250000 0.000000
716 1.750000 0.500000 0.000000
717 1.750000 0.750000 0.000000
718 1.750000 1.000000 0.000000
719 1.750000 1.250000 0.000000
720 1.750000 1.500000 0.000000
721 1.750000 1.750000 0.000000
722 1.750000 2.000000 0.000000
723 1.750000 2.250000 0.000000
724 1.750000 2.500000 0.000000
725 1.750000 2.750000 0.000000
726 1.750000 3.000000 0.000000
727 1.750000 3.250000 0.000000
728 1.750000 3.500000 0.000000
729 1.750000 3.750000 0.000000
730 1.750000 4.000000 0.000000
731 1.750000 4.250000 0.000000
732 1.750000 4.500000 0.000000
733 1.750000 4.750000 0.000000
734 1.750000 5.000000 0.000000
735 1.500000 0.000000 0.000000
736 1.500000 0.250000 0.000000
737 1.500000 0.500000 0.000000
738 1.500000 0.750000 0.000000
739 1.500000 1.000000 0.000000
740 1.500000 1.250000 0.000000
741 1.500000 1.500000 0.000000
742 1.500000 1.750000 0.000000
743 1.500000 2.000000 0.000000
744 1.500000 2.250000 0.000000
745 1.500000 2.500000 0.000000
746 1.500000 2.750000 0.000000
747 1.500000 3.000000 0.000000
748 1.500000 3.250000 0.000000
749 1.500000 3.500000 0.000000
750 1.500000 3.750000 0.000000
751 1.500000 4.000000 0.000000
752 1.500000 4.250000 0.000000
753 1.500000 4.500000 0.000000
754 1.500000 4.750000 0.000000
755 1.500000 5.000000 0.000000
756 1.250000 0.000000 0.000000
757 1.250000 0.250000 0.000000
758 1.250000 0.500000 0.000000
759 1.250000 0.750000 0.000000
760 1.250000 1.000000 0.000000
761 1.250000 1.250000 0.000000
762 1.250000 1.500000 0.000000
763 1.250000 1.750000 0.000000
764 1.250000 2.000000 0.000000
765 1.250000 2.250000 0.000000
766 1.250000 2.500000 0.000000
767 1.250000 2.750000 0.000000
768 1.250000 3.000000 0.000000
769 1.250000 3.250000 0.000000
770 1.250000 3.500000 0.000000
771 1.250000 3.750000 0.000000
772 1.250000 4.000000 0.000000
773 1.250000 4.250000 0.000000
774 1.250000 4.500000 0.000000
775 1.250000 4.750000 0.000000
776 1.250000 5.000000 0.000000
777 1.000000 0.000000 0.000000
778 1.000000 0.250000 0.000000
779 1.000000 0.500000 0.000000
780 1.000000 0.750000 0.000000
781 1.000000 1.000000 0.000000
782 1.000000 1.250000 0.000000
783 1.000000 1.500000 0.000000
784 1.000000 1.750000 0.000000
785 1.000000 2.000000 0.000000
786 1.000000 2.250000 0.000000
787 1.000000 2.500000 0.000000
788 1.000000 2.750000 0.000000
789 1.000000 3.000000 0.000000
790 1.000000 3.250000 0.000000
791 1.000000 3.500000 0.000000
792 1.000000 3.750000 0.000000
793 1.000000 4.000000 0.000000
794 1.000000 4.250000 0.000000
795 1.000000 4.500000 0.000000
796 1.000000 4.750000 0.000000
797 1.000000 5.000000 0.000000
798 0.750000 0.000000 0.000000
799 0.750000 0.250000 0.000000
800 0.750000 0.500000 0.000000
801 0.750000 0.750000 0.000000
802 0.750000 1.000000 0.000000
803 0.750000 1.250000 0.000000
804 0.750000 1.500000 0.000000
805 0.750000 1.750000 0.000000
806 0.750000 2.000000 0.000000
807 0.750000 2.250000 0.000000
808 0.750000 2.500000 0.000000
809 0.750000 2.750000 0.000000
810 0.750000 3.000000 0.000000
811 0.750000 3.250000 0.000000
812 0.750000 3.500000 0.000000
813 0.750000 3.750000 0.000000
814 0.750000 4.000000 0.000000
815 0.750000 4.250000 0.000000
816 0.750000 4.500000 0.000000
817 0.750000 4.750000 0.000000
818 0.750000 5.000000 0.000000
819 0.500000 0.000000 0.000000
820 0.500000 0.250000 0.000000
821 0.500000 0.500000 0.000000
822 0.500000 0.750000 0.000000
823 0.500000 1.000000 0.000000
824 0.500000 1.250000 0.000000
825 0.500000 1.500000 0.000000
826 0.500000 1.750000 0.000000
827 0.500000 2.000000 0.000000
828 0.500000 2.250000 0.000000
829 0.500000 2.500000 0.000000
830 0.500000 2.750000 0.000000
831 0.500000 3.000000 0.000000
832 0.500000 3.250000 0.000000
833 0.500000 3.500000 0.000000
834 0.500000 3.750000 0.000000
835 0.500000 4.000000 0.000000
836 0.500000 4.250000 0.000000
837 0.500000 4.500000 0.000000
838 0.500000 4.750000 0.000000
839 0.500000 5.000000 0.000000
840 0.250000 0.000000 0.000000
841 0.250000 0.250000 0.000000
842 0.250000 0.500000 0.000000
843 0.250000 0.750000 0.000000
844 0.250000 1.000000 0.000000
845 0.250000 1.250000 0.000000
846 0.250000 1.500000 0.000000
847 0.250000 1.750000 0.000000
848 0.250000 2.000000 0.000000
849 0.250000 2.250000 0.000000
850 0.250000 2.500000 0.000000
851 0.250000 2.750000 0.000000
852 0.250000 3.000000 0.000000
853 0.250000 3.250000 0.000000
854 0.250000 3.500000 0.000000
855 0.250000 3.750000 0.000000
856 0.250000 4.000000 0.000000
857 0.250000 4.250000 0.000000
858 0.250000 4.500000 0.000000
859 0.250000 4.750000 0.000000
860 0.250000 5.000000 0.000000
861 0.000000 0.000000 0.000000
862 0.000000 0.250000 0.000000
863 0.000000 0.500000 0.000000
864 0.000000 0.750000 0.000000
865 0.000000 1.000000 0.000000
866 0.000000 1.250000 0.000000
867 0.000000 1.500000 0.000000
868 0.000000 1.750000 0.000000
869 0.000000 2.000000 0.000000
870 0.000000 2.250000 0.000000
871 0.000000 2.500000 0.000000
872 0.000000 2.750000 0.000000
873 0.000000 3.000000 0.000000
874 0.000000 3.250000 0.000000
875 0.000000 3.500000 0.000000
876 0.000000 3.750000 0.000000
877 0.000000 4.000000 0.000000
878 0.000000 4.250000 0.000000
879 0.000000 4.500000 0.000000
880 0.000000 4.750000 0.000000
881 0.000000 5.000000 0.000000
882 10.000000 4.750000 0.000000
883 9.750000 4.750000 0.000000
884 9.500000 4.750000 0.000000
885 9.250000 4.750000 0.000000
886 9.000000 4.750000 0.000000
887 8.750000 4.750000 0.000000
888 8.500000 4.750000 0.000000
889 8.250000 4.750000 0.000000
890 8.000000 4.750000 0.000000
891 7.750000 4.750000 0.000000
892 7.500000 4.750000 0.000000
893 7.250000 4.750000 0.000000
894 7.000000 4.750000 0.000000
895 6.750000 4.750000 0.000000
896 6.500000 4.750000 0.000000
897 6.250000 4.750000 0.000000
898 6.000000 4.750000 0.000000
899 5.750000 4.750000 0.000000
900 5.500000 4.750000 0.000000
901 5.250000 4.750000 0.000000
902 10.000000 4.500000 0.000000
903 9.750000 4.500000 0.000000
904 9.500000 4.500000 0.000000
905 9.250000 4.500000 0.000000
906 9.000000 4.500000 0.000000
907 8.750000 4.500000 0.000000
908 8.500000 4.500000 0.000000
909 8.250000 4.500000 0.000000
910 8.000000 4.500000 0.000000
911 7.750000 4.500000 0.000000
912 7.500000 4.500000 0.000000
913 7.250000 4.500000 0.000000
914 7.000000 4.500000 0.000000
915 6.750000 4.500000 0.000000
916 6.500000 4.500000 0.000000
917 6.250000 4.500000 0.000000
918 6.000000 4.500000 0.000000
919 5.750000 4.500000 0.000000
920 5.500000 4.500000 0.000000
921 5.250000 4.500000 0.000000
922 10.000000 4.250000 0.000000
923 9.750000 4.250000 0.000000
924 9.500000 4.250000 0.000000
925 9.250000 4.250000 0.000000
926 9.000000 4.250000 0.000000
927 8.750000 4.250000 0.000000
928 8.500000 4.250000 0.000000
929 8.250000 4.250000 0.000000
930 8.000000 4.250000 0.000000
931 7.750000 4.250000 0.000000
932 7.500000 4.250000 0.000000
933 7.250000 4.250000 0.000000
934 7.000000 4.250000 0.000000
935 6.750000 4.250000 0.000000
936 6.500000 4.250000 0.000000
937 6.250000 4.250000 0.000000
938 6.000000 4.250000 0.000000
939 5.750000 4.250000 0.000000
940 5.500000 4.250000 0.000000
941 5.250000 4.250000 0.000000
942 10.000000 4.000000 0.000000
943 9.750000 4.000000 0.000000
944 9.500000 4.000000 0.000000
945 9.250000 4.000000 0.000000
946 9.000000 4.000000 0.000000
947 8.750000 4.000000 0.000000
948 8.500000 4.000000 0.000000
949 8.250000 4.000000 0.000000
950 8.000000 4.000000 0.000000
951 7.750000 4.000000 0.000000
952 7.500000 4.000000 0.000000
953 7.250000 4.000000 0.000000
954 7.000000 4.000000 0.000000
955 6.750000 4.000000 0.000000
956 6.500000 4.000000 0.000000
957 6.250000 4.000000 0.000000
958 6.000000 4.000000 0.000000
959 5.750000 4.000000 0.000000
960 5.500000 4.000000 0.000000
961 5.250000 4.000000 0.000000
962 10.000000 3.750000 0.000000
963 9.750000 3.750000 0.000000
964 9.500000 3.750000 0.000000
965 9.250000 3.750000 0.000000
966 9.000000 3.750000 0.000000
967 8.750000 3.750000 0.000000
968 8.500000 3.750000 0.000000
969 8.250000 3.750000 0.000000
970 8.000000 3.750000 0.000000
971 7.750000 3.750000 0.000000
972 7.500000 3.750000 0.000000
973 7.250000 3.750000 0.000000
974 7.000000 3.750000 0.000000
975 6.750000 3.750000 0.000000
976 6.500000 3.750000 0.000000
977 6.250000 3.750000 0.000000
978 6.000000 3.750000 0.000000
979 5.750000 3.750000 0.000000
980 5.500000 3.750000 0.000000
981 5.250000 3.750000 0.000000
982 10.000000 3.500000 0.000000
983 9.750000 3.500000 0.000000
984 9.500000 3.500000 0.000000
985 9.250000 3.500000 0.000000
986 9.000000 3.500000 0.000000
987 8.750000 3.500000 0.000000
988 8.500000 3.500000 0.000000
989 8.250000 3.500000 0.000000
990 8.000000 3.500000 0.000000
991 7.750000 3.500000 0.000000
992 7.500000 3.500000 0.000000
993 7.250000 3.500000 0.000000
994 7.000000 3.500000 0.000000
995 6.750000 3.500000 0.000000
996 6.500000 3.500000 0.000000
997 6.250000 3.500000 0.000000
998 6.000000 3.500000 0.000000
999 5.750000 3.500000 0.000000
1000 5.500000 3.500000 0.000000
1001 5.250000 3.500000 0.000000
1002 10.000000 3.250000 0.000000
1003 9.750000 3.250000 0.000000
1004 9.500000 3.250000 0.000000
1005 9.250000 3.250000 0.000000
1006 9.000000 3.250000 0.000000
1007 8.750000 3.250000 0.000000
1008 8.500000 3.250000 0.000000
1009 8.250000 3.250000 0.000000
1010 8.000000 3.250000 0.000000
1011 7.750000 3.250000 0.000000
1012 7.500000 3.250000 0.000000
1013 7.250000 3.250000 0.000000
1014 7.000000 3.250000 0.000000
1015 6.750000 3.250000 0.000000
1016 6.500000 3.250000 0.000000
1017 6.250000 3.250000 0.000000
1018 6.000000 3.250000 0.000000
1019 5.750000 3.250000 0.000000
1020 5.500000 3.250000 0.000000
1021 5.250000 3.250000 0.000000
1022 10.000000 3.000000 0.000000
1023 9.750000 3.000000 0.000000
1024 9.500000 3.000000 0.000000
1025 9.250000 3.000000 0.000000
1026 9.000000 3.000000 0.000000
1027 8.750000 3.000000 0.000000
1028 8.500000 3.000000 0.000000
1029 8.250000 3.000000 0.000000
1030 8.000000 3.000000 0.000000
1031 7.750000 3.000000 0.000000
1032 7.500000 3.000000 0.000000
1033 7.250000 3.000000 0.000000
1034 7.000000 3.000000 0.000000
1035 6.750000 3.000000 0.000000
1036 6.500000 3.000000 0.000000
1037 6.250000 3.000000 0.000000
1038 6.000000 3.000000 0.000000
1039 5.750000 3.000000 0.000000
1040 5.500000 3.000000 0.000000
1041 5.250000 3.000000 0.000000
1042 5.000000 3.000000 0.000000
1043 10.000000 2.750000 0.000000
1044 9.750000 2.750000 0.000000
1045 9.500000 2.750000 0.000000
1046 9.250000 2.750000 0.000000
1047 9.000000 2.750000 0.000000
1048 8.750000 2.750000 0.000000
1049 8.500000 2.750000 0.000000
1050 8.250000 2.750000 0.000000
1051 8.000000 2.750000 0.000000
1052 7.750000 2.750000 0.000000
1053 7.500000 2.750000 0.000000
1054 7.250000 2.750000 0.000000
1055 7.000000 2.750000 0.000000
1056 6.750000 2.750000 0.000000
1057 6.500000 2.750000 0.000000
1058 6.250000 2.750000 0.000000
1059 6.000000 2.750000 0.000000
1060 5.750000 2.750000 0.000000
1061 5.500000 2.750000 0.000000
1062 5.250000 2.750000 0.000000
1063 10.000000 2.500000 0.000000
1064 9.750000 2.500000 0.000000
1065 9.500000 2.500000 0.000000
1066 9.250000 2.500000 0.000000
1067 9.000000 2.500000 0.000000
1068 8.750000 2.500000 0.000000
1069 8.500000 2.500000 0.000000
1070 8.250000 2.500000 0.000000
1071 8.000000 2.500000 0.000000
1072 7.750000 2.500000 0.000000
1073 7.500000 2.500000 0.000000
1074 7.250000 2.500000 0.000000
1075 7.000000 2.500000 0.000000
1076 6.750000 2.500000 0.000000
1077 6.500000 2.500000 0.000000
1078 6.250000 2.500000 0.000000
1079 6.000000 2.500000 0.000000
1080 5.750000 2.500000 0.000000
1081 5.500000 2.500000 0.000000
1082 5.250000 2.500000 0.000000
1083 10.000000 2.250000 0.000000
1084 9.750000 2.250000 0.000000
1085 9.500000 2.250000 0.000000
1086 9.250000 2.250000 0.000000
1087 9.000000 2.250000 0.000000
1088 8.750000 2.250000 0.000000
1089 8.500000 2.250000 0.000000
1090 8.250000 2.250000 0.000000
1091 8.000000 2.250000 0.000000
1092 7.750000 2.250000 0.000000
1093 7.500000 2.250000 0.000000
1094 7.250000 2.250000 0.000000
1095 7.000000 2.250000 0.000000
1096 6.750000 2.250000 0.000000
1097 6.500000 2.250000 0.000000
1098 6.250000 2.250000 0.000000
1099 6.000000 2.250000 0.000000
1100 5.750000 2.250000 0.000000
1101 5.500000 2.250000 0.000000
1102 5.250000 2.250000 0.000000
1103 10.000000 2.000000 0.000000
1104 9.750000 2.000000 0.000000
1105 9.500000 2.000000 0.000000
1106 9.250000 2.000000 0.000000
1107 9.000000 2.000000 0.000000
1108 8.750000 2.000000 0.000000
1109 8.500000 2.000000 0.000000
1110 8.250000 2.000000 0.000000
1111 8.000000 2.000000 0.000000
1112 7.750000 2.000000 0.000000
1113 7.500000 2.000000 0.000000
1114 7.250000 2.000000 0.000000
1115 7.000000 2.000000 0.000000
1116 6.750000 2.000000 0.000000
1117 6.500000 2.000000 0.000000
1118 6.250000 2.000000 0.000000
1119 6.000000 2.000000 0.000000
1120 5.750000 2.000000 0.000000
1121 5.500000 2.000000 0.000000
1122 5.250000 2.000000 0.000000
1123 5.000000 2.000000 0.000000
1124 10.000000 1.750000 0.000000
1125 9.750000 1.750000 0.000000
1126 9.500000 1.750000 0.000000
1127 9.250000 1.750000 0.000000
1128 9.000000 1.750000 0.000000
1129 8.750000 1.750000 0.000000
1130 8.500000 1.750000 0.000000
1131 8.250000 1.750000 0.000000
1132 8.000000 1.750000 0.000000
1133 7.750000 1.750000 0.000000
1134 7.500000 1.750000 0.000000
1135 7.250000 1.750000 0.000000
1136 7.000000 1.750000 0.000000
1137 6.750000 1.750000 0.000000
1138 6.500000 1.750000 0.000000
1139 6.250000 1.750000 0.000000
1140 6.000000 1.750000 0.000000
1141 5.750000 1.750000 0.000000
1142 5.500000 1.750000 0.000000
1143 5.250000 1.750000 0.000000
1144 10.000000 1.500000 0.000000
1145 9.750000 1.500000 0.000000
1146 9.500000 1.500000 0.000000
1147 9.250000 1.500000 0.000000
1148 9.000000 1.500000 0.000000
1149 8.750000 1.500000 0.000000
1150 8.500000 1.500000 0.000000
1151 8.250000 1.500000 0.000000
1152 8.000000 1.500000 0.000000
1153 7.750000 1.500000 0.000000
1154 7.500000 1.500000 0.000000
1155 7.250000 1.500000 0.000000
1156 7.000000 1.500000 0.000000
1157 6.750000 1.500000 0.000000
1158 6.500000 1.500000 0.000000
1159 6.250000 1.500000 0.000000
1160 6.000000 1.500000 0.000000
1161 5.750000 1.500000 0.000000
1162 5.500000 1.500000 0.000000
1163 5.250000 1.500000 0.000000
1164 10.000000 1.250000 0.000000
1165 9.750000 1.250000 0.000000
1166 9.500000 1.250000 0.000000
1167 9.250000 1.250000 0.000000
1168 9.000000 1.250000 0.000000
1169 8.750000 1.250000 0.000000
1170 8.500000 1.250000 0.000000
1171 8.250000 1.250000 0.000000
1172 8.000000 1.250000 0.000000
1173 7.750000 1.250000 0.000000
1174 7.500000 1.250000 0.000000
1175 7.250000 1.250000 0.000000
1176 7.000000 1.250000 0.000000
1177 6.750000 1.250000 0.000000
1178 6.500000 1.250000 0.000000
1179 6.250000 1.250000 0.000000
1180 6.000000 1.250000 0.000000
1181 5.750000 1.250000 0.000000
1182 5.500000 1.250000 0.000000
1183 5.250000 1.250000 0.000000
1184 10.000000 1.000000 0.000000
1185 9.750000 1.000000 0.000000
1186 9.500000 1.000000 0.000000
1187 9.250000 1.000000 0.000000
1188 9.000000 1.000000 0.000000
1189 8.750000 1.000000 0.000000
1190 8.500000 1.000000 0.000000
1191 8.250000 1.000000 0.000000
1192 8.000000 1.000000 0.000000
1193 7.750000 1.000000 0.000000
1194 7.500000 1.000000 0.000000
1195 7.250000 1.000000 0.000000
1196 7.000000 1.000000 0.000000
1197 6.750000 1.000000 0.000000
1198 6.500000 1.000000 0.000000
1199 6.250000 1.000000 0.000000
1200 6.000000 1.000000 0.000000
1201 5.750000 1.000000 0.000000
1202 5.500000 1.000000 0.000000
1203 5.250000 1.000000 0.000000
1204 10.000000 0.750000 0.000000
1205 9.750000 0.750000 0.000000
1206 9.500000 0.750000 0.000000
1207 9.250000 0.750000 0.000000
1208 9.000000 0.750000 0.000000
1209 8.750000 0.750000 0.000000
1210 8.500000 0.750000 0.000000
1211 8.250000 0.750000 0.000000
1212 8.000000 0.750000 0.000000
1213 7.750000 0.750000 0.000000
1214 7.500000 0.750000 0.000000
1215 7.250000 0.750000 0.000000
1216 7.000000 0.750000 0.000000
1217 6.750000 0.750000 0.000000
1218 6.500000 0.750000 0.000000
1219 6.250000 0.750000 0.000000
1220 6.000000 0.750000 0.000000
1221 5.750000 0.750000 0.000000
1222 5.500000 0.750000 0.000000
1223 5.250000 0.750000 0.000000
1224 10.000000 0.500000 0.000000
1225 9.750000 0.500000 0.000000
1226 9.500000 0.500000 0.000000
1227 9.250000 0.500000 0.000000
1228 9.000000 0.500000 0.000000
1229 8.750000 0.500000 0.000000
1230 8.500000 0.500000 0.000000
1231 8.250000 0.500000 0.000000
1232 8.000000 0.500000 0.000000
1233 7.750000 0.500000 0.000000
1234 7.500000 0.500000 0.000000
1235 7.250000 0.500000 0.000000
1236 7.000000 0.500000 0.000000
1237 6.750000 0.500000 0.000000
1238 6.500000 0.500000 0.000000
1239 6.250000 0.500000 0.000000
1240 6.000000 0.500000 0.000000
1241 5.750000 0.500000 0.000000
1242 5.500000 0.500000 0.000000
1243 5.250000 0.500000 0.000000
1244 10.000000 0.250000 0.000000
1245 9.750000 0.250000 0.000000
1246 9.500000 0.250000 0.000000
1247 9.250000 0.250000 0.000000
1248 9.000000 0.250000 0.000000
1249 8.750000 0.250000 0.000000
1250 8.500000 0.250000 0.000000
1251 8.250000 0.250000 0.000000
1252 8.000000 0.250000 0.000000
1253 7.750000 0.250000 0.000000
1254 7.500000 0.250000 0.000000
1255 7.250000 0.250000 0.000000
1256 7.000000 0.250000 0.000000
1257 6.750000 0.250000 0.000000
1258 6.500000 0.250000 0.000000
1259 6.250000 0.250000 0.000000
1260 6.000000 0.250000 0.000000
1261 5.750000 0.250000 0.000000
1262 5.500000 0.250000 0.000000
1263 5.250000 0.250000 0.000000
1264 10.000000 0.000000 0.000000
1265 9.750000 0.000000 0.000000
1266 9.500000 0.000000 0.000000
1267 9.250000 0.000000 0.000000
1268 9.000000 0.000000 0.000000
1269 8.750000 0.000000 0.000000
1270 8.500000 0.000000 0.000000
1271 8.250000 0.000000 0.000000
1272 8.000000 0.000000 0.000000
1273 7.750000 0.000000 0.000000
1274 7.500000 0.000000 0.000000
1275 7.250000 0.000000 0.000000
1276 7.000000 0.000000 0.000000
1277 6.750000 0.000000 0.000000
1278 6.500000 0.000000 0.000000
1279 6.250000 0.000000 0.000000
1280 6.000000 0.000000 0.000000
1281 5.750000 0.000000 0.000000
1282 5.500000 0.000000 0.000000
1283 5.250000 0.000000 0.000000

%NODE.SUPPORT
37
462 1 1 0 0 0 0
483 1 1 0 0 0 0
504 1 1 0 0 0 0
525 1 1 0 0 0 0
546 1 1 0 0 0 0
567 1 1 0 0 0 0
588 1 1 0 0 0 0
630 1 1 0 0 0 0
651 1 1 0 0 0 0
672 1 1 0 0 0 0
693 1 1 0 0 0 0
714 1 1 0 0 0 0
756 1 1 0 0 0 0
777 1 1 0 0 0 0
819 1 1 0 0 0 0
840 1 1 0 0 0 0
861 1 1 0 0 0 0
1264 1 1 0 0 0 0
1265 1 1 0 0 0 0
1266 1 1 0 0 0 0
1267 1 1 0 0 0 0
1268 1 1 0 0 0 0
1269 1 1 0 0 0 0
1270 1 1 0 0 0 0
1271 1 1 0 0 0 0
1272 1 1 0 0 0 0
1273 1 1 0 0 0 0
1274 1 1 0 0 0 0
1275 1 1 0 0 0 0
1276 1 1 0 0 0 0
1277 1 1 0 0 0 0
1278 1 1 0 0 0 0
1279 1 1 0 0 0 0
1280 1 1 0 0 0 0
1281 1 1 0 0 0 0
1282 1 1 0 0 0 0
1283 1 1 0 0 0 0

%MATERIAL
1

%MATERIAL.LABEL
1
1 'M1'

%MATERIAL.ISOTROPIC
1
1 206000.0 0.300000

%THICKNESS
1
1 1.000000

%INTEGRATION.ORDER
4
1 1 1 1 1 1 1
2 3 3 1 3 3 1
3 1 1 1 1 1 1
4 2 2 1 2 2 1

%ELEMENT
1200

%ELEMENT.Q4
1200
1 1 1 3 1 2 23 22
2 1 1 3 2 3 24 23
3 1 1 3 3 4 25 24
4 1 1 3 4 5 26 25
5 1 1 3 5 6 27 26
6 1 1 3 6 7 28 27
7 1 1 3 7 8 29 28
8 1 1 3 8 9 30 29
9 1 1 3 9 10 31 30
10 1 1 3 10 11 32 31
11 1 1 3 11 12 33 32
12 1 1 3 12 13 34 33
13 1 1 3 13 14 35 34
14 1 1 3 14 15 36 35
15 1 1 3 15 16 37 36
16 1 1 3 16 17 38 37
17 1 1 3 17 18 39 38
18 1 1 3 18 19 40 39
19 1 1 3 19 20 41 40
20 1 1 3 20 21 42 41
21 1 1 3 22 23 44 43
22 1 1 3 23 24 45 44
23 1 1 3 24 25 46 45
24 1 1 3 25 26 47 46
25 1 1 3 26 27 48 47
26 1 1 3 27 28 49 48
27 1 1 3 28 29 50 49
28 1 1 3 29 30 51 50
29 1 1 3 30 31 52 51
30 1 1 3 31 32 53 52
31 1 1 3 32 33 54 53
32 1 1 3 33 34 55 54
33 1 1 3 34 35 56 55
34 1 1 3 35 36 57 56
35 1 1 3 36 37 58 57
36 1 1 3 37 38 59 58
37 1 1 3 38 39 60 59
38 1 1 3 39 40 61 60
39 1 1 3 40 41 62 61
40 1 1 3 41 42 63 62
41 1 1 3 43 44 65 64
42 1 1 3 44 45 66 65
43 1 1 3 45 46 67 66
44 1 1 3 46 47 68 67
45 1 1 3 47 48 69 68
46 1 1 3 48 49 70 69
47 1 1 3 49 50 71 70
48 1 1 3 50 51 72 71
49 1 1 3 51 52 73 72
50 1 1 3 52 53 74 73
51 1 1 3 53 54 75 74
52 1 1 3 54 55 76 75
53 1 1 3 55 56 77 76
54 1 1 3 56 57 78 77
55 1 1 3 57 58 79 78
56 1 1 3 58 59 80 79
57 1 1 3 59 60 81 80
58 1 1 3 60 61 82 81
59 1 1 3 61 62 83 82
60 1 1 3 62 63 84 83
61 1 1 3 64 65 86 85
62 1 1 3 65 66 87 86
63 1 1 3 66 67 88 87
64 1 1 3 67 68 89 88
65 1 1 3 68 69 90 89
66 1 1 3 69 70 91 90
67 1 1 3 70 71 92 91
68 1 1 3 71 72 93 92
69 1 1 3 72 73 94 93
70 1 1 3 73 74 95 94
71 1 1 3 74 75 96 95
72 1 1 3 75 76 97 96
73 1 1 3 76 77 98 97
74 1 1 3 77 78 99 98
75 1 1 3 78 79 100 99
76 1 1 3 79 80 101 100
77 1 1 3 80 81 102 101
78 1 1 3 81 82 103 102
79 1 1 3 82 83 104 103
80 1 1 3 83 84 105 104
81 1 1 3 85 86 107 106
82 1 1 3 86 87 108 107
83 1 1 3 87 88 109 108
84 1 1 3 88 89 110 109
85 1 1 3 89 90 111 110
86 1 1 3 90 91 112 111
87 1 1 3 91 92 113 112
88 1 1 3 92 93 114 113
89 1 1 3 93 94 115 114
90 1 1 3 94 95 116 115
91 1 1 3 95 96 117 116
92 1 1 3 96 97 118 117
93 1 1 3 97 98 119 118
94 1 1 3 98 99 120 119
95 1 1 3 99 100 121 120
96 1 1 3 100 101 122 121
97 1 1 3 101 102 123 122
98 1 1 3 102 103 124 123
99 1 1 3 103 104 125 124
100 1 1 3 104 105 126 125
101 1 1 3 106 107 128 127
102 1 1 3 107 108 129 128
103 1 1 3 108 109 130 129
104 1 1 3 109 110 131 130
105 1 1 3 110 111 132 131
106 1 1 3 111 112 133 132
107 1 1 3 112 113 134 133
108 1 1 3 113 114 135 134
109 1 1 3 114 115 136 135
110 1 1 3 115 116 137 136
111 1 1 3 116 117 138 137
112 1 1 3 117 118 139 138
113 1 1 3 118 119 140 139
114 1 1 3 119 120 141 140
115 1 1 3 120 121 142 141
116 1 1 3 121 122 143 142
117 1 1 3 122 123 144 143
118 1 1 3 123 124 145 144
119 1 1 3 124 125 146 145
120 1 1 3 125 126 147 146
121 1 1 3 127 128 149 148
122 1 1 3 128 129 150 149
123 1 1 3 129 130 151 150
124 1 1 3 130 131 152 151
125 1 1 3 131 132 153 152
126 1 1 3 132 133 154 153
127 1 1 3 133 134 155 154
128 1 1 3 134 135 156 155
129 1 1 3 135 136 157 156
130 1 1 3 136 137 158 157
131 1 1 3 137 138 159 158
132 1 1 3 138 139 160 159
133 1 1 3 139 140 161 160
134 1 1 3 140 141 162 161
135 1 1 3 141 142 163 162
136 1 1 3 142 143 164 163
137 1 1 3 143 144 165 164
138 1 1 3 144 145 166 165
139 1 1 3 145 146 167 166
140 1 1 3 146 147 168 167
141 1 1 3 148 149 170 169
142 1 1 3 149 150 171 170
143 1 1 3 150 151 172 171
144 1 1 3 151 152 173 172
145 1 1 3 152 153 174 173
146 1 1 3 153 154 175 174
147 1 1 3 154 155 176 175
148 1 1 3 155 156 177 176
149 1 1 3 156 157 178 177
150 1 1 3 157 158 179 178
151 1 1 3 158 159 180 179
152 1 1 3 159 160 181 180
153 1 1 3 160 161 182 181
154 1 1 3 161 162 183 182
155 1 1 3 162 163 184 183
156 1 1 3 163 164 185 184
157 1 1 3 164 165 186 185
158 1 1 3 165 166 187 186
159 1 1 3 166 167 188 187
160 1 1 3 167 168 189 188
161 1 1 3 169 170 191 190
162 1 1 3 170 171 192 191
163 1 1 3 171 172 193 192
164 1 1 3 172 173 194 193
165 1 1 3 173 174 195 194
166 1 1 3 174 175 196 195
167 1 1 3 175 176 197 196
168 1 1 3 176 177 198 197
169 1 1 3 177 178 199 198
170 1 1 3 178 179 200 199
171 1 1 3 179 180 201 200
172 1 1 3 180 181 202 201
173 1 1 3 181 182 203 202
174 1 1 3 182 183 204 203
175 1 1 3 183 184 205 204
176 1 1 3 184 185 206 205
177 1 1 3 185 186 207 206
178 1 1 3 186 187 208 207
179 1 1 3 187 188 209 208
180 1 1 3 188 189 210 209
181 1 1 3 190 191 212 211
182 1 1 3 191 192 213 212
183 1 1 3 192 193 214 213
184 1 1 3 193 194 215 214
185 1 1 3 194 195 216 215
186 1 1 3 195 196 217 216
187 1 1 3 196 197 218 217
188 1 1 3 197 198 219 218
189 1 1 3 198 199 220 219
190 1 1 3 199 200 221 220
191 1 1 3 200 201 222 221
192 1 1 3 201 202 223 222
193 1 1 3 202 203 224 223
194 1 1 3 203 204 225 224
195 1 1 3 204 205 226 225
196 1 1 3 205 206 227 226
197 1 1 3 206 207 228 227
198 1 1 3 207 208 229 228
199 1 1 3 208 209 230 229
200 1 1 3 209 210 231 230
201 1 1 3 211 212 233 232
202 1 1 3 212 213 234 233
203 1 1 3 213 214 235 234
204 1 1 3 214 215 236 235
205 1 1 3 215 216 237 236
206 1 1 3 216 217 238 237
207 1 1 3 217 218 239 238
208 1 1 3 218 219 240 239
209 1 1 3 219 220 241 240
210 1 1 3 220 221 242 241
211 1 1 3 221 222 243 242
212 1 1 3 222 223 244 243
213 1 1 3 223 224 245 244
214 1 1 3 224 225 246 245
215 1 1 3 225 226 247 246
216 1 1 3 226 227 248 247
217 1 1 3 227 228 249 248
218 1 1 3 228 229 250 249
219 1 1 3 229 230 251 250
220 1 1 3 230 231 252 251
221 1 1 3 232 233 254 253
222 1 1 3 233 234 255 254
223 1 1 3 234 235 256 255
224 1 1 3 235 236 257 256
225 1 1 3 236 237 258 257
226 1 1 3 237 238 259 258
227 1 1 3 238 239 260 259
228 1 1 3 239 240 261 260
229 1 1 3 240 241 262 261
230 1 1 3 241 242 263 262
231 1 1 3 242 243 264 263
232 1 1 3 243 244 265 264
233 1 1 3 244 245 266 265
234 1 1 3 245 246 267 266
235 1 1 3 246 247 268 267
236 1 1 3 247 248 269 268
237 1 1 3 248 249 270 269
238 1 1 3 249 250 271 270
239 1 1 3 250 251 272 271
240 1 1 3 251 252 273 272
241 1 1 3 253 254 275 274
242 1 1 3 254 255 276 275
243 1 1 3 255 256 277 276
244 1 1 3 256 257 278 277
245 1 1 3 257 258 279 278
246 1 1 3 258 259 280 279
247 1 1 3 259 260 281 280
248 1 1 3 260 261 282 281
249 1 1 3 261 262 283 282
250 1 1 3 262 263 284 283
251 1 1 3 263 264 285 284
252 1 1 3 264 265 286 285
253 1 1 3 265 266 287 286
254 1 1 3 266 267 288 287
255 1 1 3 267 268 289 288
256 1 1 3 268 269 290 289
257 1 1 3 269 270 291 290
258 1 1 3 270 271 292 291
259 1 1 3 271 272 293 292
260 1 1 3 272 273 294 293
261 1 1 3 274 275 296 295
262 1 1 3 275 276 297 296
263 1 1 3 276 277 298 297
264 1 1 3 277 278 299 298
265 1 1 3 278 279 300 299
266 1 1 3 279 280 301 300
267 1 1 3 280 281 302 301
268 1 1 3 281 282 303 302
269 1 1 3 282 283 304 303
270 1 1 3 283 284 305 304
271 1 1 3 284 285 306 305
272 1 1 3 285 286 307 306
273 1 1 3 286 287 308 307
274 1 1 3 287 288 309 308
275 1 1 3 288 289 310 309
276 1 1 3 289 290 311 310
277 1 1 3 290 291 312 311
278 1 1 3 291 292 313 312
279 1 1 3 292 293 314 313
280 1 1 3 293 294 315 314
281 1 1 3 295 296 317 316
282 1 1 3 296 297 318 317
283 1 1 3 297 298 319 318
284 1 1 3 298 299 320 319
285 1 1 3 299 300 321 320
286 1 1 3 300 301 322 321
287 1 1 3 301 302 323 322
288 1 1 3 302 303 324 323
289 1 1 3 303 304 325 324
290 1 1 3 304 305 326 325
291 1 1 3 305 306 327 326
292 1 1 3 306 307 328 327
293 1 1 3 307 308 329 328
294 1 1 3 308 309 330 329
295 1 1 3 309 310 331 330
296 1 1 3 310 311 332 331
297 1 1 3 311 312 333 332
298 1 1 3 312 313 334 333
299 1 1 3 313 314 335 334
300 1 1 3 314 315 336 335
301 1 1 3 316 317 338 337
302 1 1 3 317 318 339 338
303 1 1 3 318 319 340 339
304 1 1 3 319 320 341 340
305 1 1 3 320 321 342 341
306 1 1 3 321 322 343 342
307 1 1 3 322 323 344 343
308 1 1 3 323 324 345 344
309 1 1 3 324 325 346 345
310 1 1 3 325 326 347 346
311 1 1 3 326 327 348 347
312 1 1 3 327 328 349 348
313 1 1 3 328 329 350 349
314 1 1 3 329 330 351 350
315 1 1 3 330 331 352 351
316 1 1 3 331 332 353 352
317 1 1 3 332 333 354 353
318 1 1 3 333 334 355 354
319 1 1 3 334 335 356 355
320 1 1 3 335 336 357 356
321 1 1 3 337 338 359 358
322 1 1 3 338 339 360 359
323 1 1 3 339 340 361 360
324 1 1 3 340 341 362 361
325 1 1 3 341 342 363 362
326 1 1 3 342 343 364 363
327 1 1 3 343 344 365 364
328 1 1 3 344 345 366 365
329 1 1 3 345 346 367 366
330 1 1 3 346 347 368 367
331 1 1 3 347 348 369 368
332 1 1 3 348 349 370 369
333 1 1 3 349 350 371 370
334 1 1 3 350 351 372 371
335 1 1 3 351 352 373 372
336 1 1 3 352 353 374 373
337 1 1 3 353 354 375 374
338 1 1 3 354 355 376 375
339 1 1 3 355 356 377 376
340 1 1 3 356 357 378 377
341 1 1 3 358 359 380 379
342 1 1 3 359 360 381 380
343 1 1 3 360 361 382 381
344 1 1 3 361 362 383 382
345 1 1 3 362 363 384 383
346 1 1 3 363 364 385 384
347 1 1 3 364 365 386 385
348 1 1 3 365 366 387 386
349 1 1 3 366 367 388 387
350 1 1 3 367 368 389 388
351 1 1 3 368 369 390 389
352 1 1 3 369 370 391 390
353 1 1 3 370 371 392 391
354 1 1 3 371 372 393 392
355 1 1 3 372 373 394 393
356 1 1 3 373 374 395 394
357 1 1 3 374 375 396 395
358 1 1 3 375 376 397 396
359 1 1 3 376 377 398 397
360 1 1 3 377 378 399 398
361 1 1 3 379 380 401 400
362 1 1 3 380 381 402 401
363 1 1 3 381 382 403 402
364 1 1 3 382 383 404 403
365 1 1 3 383 384 405 404
366 1 1 3 384 385 406 405
367 1 1 3 385 386 407 406
368 1 1 3 386 387 408 407
369 1 1 3 387 388 409 408
370 1 1 3 388 389 410 409
371 1 1 3 389 390 411 410
372 1 1 3 390 391 412 411
373 1 1 3 391 392 413 412
374 1 1 3 392 393 414 413
375 1 1 3 393 394 415 414
376 1 1 3 394 395 416 415
377 1 1 3 395 396 417 416
378 1 1 3 396 397 418 417
379 1 1 3 397 398 419 418
380 1 1 3 398 399 420 419
381 1 1 3 400 401 422 421
382 1 1 3 401 402 423 422
383 1 1 3 402 403 424 423
384 1 1 3 403 404 425 424
385 1 1 3 404 405 426 425
386 1 1 3 405 406 427 426
387 1 1 3 406 407 428 427
388 1 1 3 407 408 429 428
389 1 1 3 408 409 430 429
390 1 1 3 409 410 431 430
391 1 1 3 410 411 432 431
392 1 1 3 411 412 433 432
393 1 1 3 412 413 434 433
394 1 1 3 413 414 435 434
395 1 1 3 414 415 436 435
396 1 1 3 415 416 437 436
397 1 1 3 416 417 438 437
398 1 1 3 417 418 439 438
399 1 1 3 418 419 440 439
400 1 1 3 419 420 441 440
401 1 1 3 442 443 463 462
402 1 1 3 443 444 464 463
403 1 1 3 444 445 465 464
404 1 1 3 445 446 466 465
405 1 1 3 446 447 467 466
406 1 1 3 447 448 468 467
407 1 1 3 448 449 469 468
408 1 1 3 449 450 470 469
409 1 1 3 450 451 471 470
410 1 1 3 451 452 472 471
411 1 1 3 452 453 473 472
412 1 1 3 453 454 474 473
413 1 1 3 454 455 475 474
414 1 1 3 455 456 476 475
415 1 1 3 456 457 477 476
416 1 1 3 457 458 478 477
417 1 1 3 458 459 479 478
418 1 1 3 459 460 480 479
419 1 1 3 460 461 481 480
420 1 1 3 461 1 482 481
421 1 1 3 462 463 484 483
422 1 1 3 463 464 485 484
423 1 1 3 464 465 486 485
424 1 1 3 465 466 487 486
425 1 1 3 466 467 488 487
426 1 1 3 467 468 489 488
427 1 1 3 468 469 490 489
428 1 1 3 469 470 491 490
429 1 1 3 470 471 492 491
430 1 1 3 471 472 493 492
431 1 1 3 472 473 494 493
432 1 1 3 473 474 495 494
433 1 1 3 474 475 496 495
434 1 1 3 475 476 497 496
435 1 1 3 476 477 498 497
436 1 1 3 477 478 499 498
437 1 1 3 478 479 500 499
438 1 1 3 479 480 501 500
439 1 1 3 480 481 502 501
440 1 1 3 481 482 503 502
441 1 1 3 483 484 505 504
442 1 1 3 484 485 506 505
443 1 1 3 485 486 507 506
444 1 1 3 486 487 508 507
445 1 1 3 487 488 509 508
446 1 1 3 488 489 510 509
447 1 1 3 489 490 511 510
448 1 1 3 490 491 512 511
449 1 1 3 491 492 513 512
450 1 1 3 492 493 514 513
451 1 1 3 493 494 515 514
452 1 1 3 494 495 516 515
453 1 1 3 495 496 517 516
454 1 1 3 496 497 518 517
455 1 1 3 497 498 519 518
456 1 1 3 498 499 520 519
457 1 1 3 499 500 521 520
458 1 1 3 500 501 522 521
459 1 1 3 501 502 523 522
460 1 1 3 502 503 524 523
461 1 1 3 504 505 526 525
462 1 1 3 505 506 527 526
463 1 1 3 506 507 528 527
464 1 1 3 507 508 529 528
465 1 1 3 508 509 530 529
466 1 1 3 509 510 531 530
467 1 1 3 510 511 532 531
468 1 1 3 511 512 533 532
469 1 1 3 512 513 534 533
470 1 1 3 513 514 535 534
471 1 1 3 514 515 536 535
472 1 1 3 515 516 537 536
473 1 1 3 516 517 538 537
474 1 1 3 517 518 539 538
475 1 1 3 518 519 540 539
476 1 1 3 519 520 541 540
477 1 1 3 520 521 542 541
478 1 1 3 521 522 543 542
479 1 1 3 522 523 544 543
480 1 1 3 523 524 545 544
481 1 1 3 525 526 547 546
482 1 1 3 526 527 548 547
483 1 1 3 527 528 549 548
484 1 1 3 528 529 550 549
485 1 1 3 529 530 551 550
486 1 1 3 530 531 552 551
487 1 1 3 531 532 553 552
488 1 1 3 532 533 554 553
489 1 1 3 533 534 555 554
490 1 1 3 534 535 556 555
491 1 1 3 535 536 557 556
492 1 1 3 536 537 558 557
493 1 1 3 537 538 559 558
494 1 1 3 538 539 560 559
495 1 1 3 539 540 561 560
496 1 1 3 540 541 562 561
497 1 1 3 541 542 563 562
498 1 1 3 542 543 564 563
499 1 1 3 543 544 565 564
500 1 1 3 544 545 566 565
501 1 1 3 546 547 568 567
502 1 1 3 547 548 569 568
503 1 1 3 548 549 570 569
504 1 1 3 549 550 571 570
505 1 1 3 550 551 572 571
506 1 1 3 551 552 573 572
507 1 1 3 552 553 574 573
508 1 1 3 553 554 575 574
509 1 1 3 554 555 576 575
510 1 1 3 555 556 577 576
511 1 1 3 556 557 578 577
512 1 1 3 557 558 579 578
513 1 1 3 558 559 580 579
514 1 1 3 559 560 581 580
515 1 1 3 560 561 582 581
516 1 1 3 561 562 583 582
517 1 1 3 562 563 584 583
518 1 1 3 563 564 585 584
519 1 1 3 564 565 586 585
520 1 1 3 565 566 587 586
521 1 1 3 567 568 589 588
522 1 1 3 568 569 590 589
523 1 1 3 569 570 591 590
524 1 1 3 570 571 592 591
525 1 1 3 571 572 593 592
526 1 1 3 572 573 594 593
527 1 1 3 573 574 595 594
528 1 1 3 574 575 596 595
529 1 1 3 575 576 597 596
530 1 1 3 576 577 598 597
531 1 1 3 577 578 599 598
532 1 1 3 578 579 600 599
533 1 1 3 579 580 601 600
534 1 1 3 580 581 602 601
535 1 1 3 581 582 603 602
536 1 1 3 582 583 604 603
537 1 1 3 583 584 605 604
538 1 1 3 584 585 606 605
539 1 1 3 585 586 607 606
540 1 1 3 586 587 608 607
541 1 1 3 588 589 610 609
542 1 1 3 589 590 611 610
543 1 1 3 590 591 612 611
544 1 1 3 591 592 613 612
545 1 1 3 592 593 614 613
546 1 1 3 593 594 615 614
547 1 1 3 594 595 616 615
548 1 1 3 595 596 617 616
549 1 1 3 596 597 618 617
550 1 1 3 597 598 619 618
551 1 1 3 598 599 620 619
552 1 1 3 599 600 621 620
553 1 1 3 600 601 622 621
554 1 1 3 601 602 623 622
555 1 1 3 602 603 624 623
556 1 1 3 603 604 625 624
557 1 1 3 604 605 626 625
558 1 1 3 605 606 627 626
559 1 1 3 606 607 628 627
560 1 1 3 607 608 629 628
561 1 1 3 609 610 631 630
562 1 1 3 610 611 632 631
563 1 1 3 611 612 633 632
564 1 1 3 612 613 634 633
565 1 1 3 613 614 635 634
566 1 1 3 614 615 636 635
567 1 1 3 615 616 637 636
568 1 1 3 616 617 638 637
569 1 1 3 617 618 639 638
570 1 1 3 618 619 640 639
571 1 1 3 619 620 641 640
572 1 1 3 620 621 642 641
573 1 1 3 621 622 643 642
574 1 1 3 622 623 644 643
575 1 1 3 623 624 645 644
576 1 1 3 624 625 646 645
577 1 1 3 625 626 647 646
578 1 1 3 626 627 648 647
579 1 1 3 627 628 649 648
580 1 1 3 628 629 650 649
581 1 1 3 630 631 652 651
582 1 1 3 631 632 653 652
583 1 1 3 632 633 654 653
584 1 1 3 633 634 655 654
585 1 1 3 634 635 656 655
586 1 1 3 635 636 657 656
587 1 1 3 636 637 658 657
588 1 1 3 637 638 659 658
589 1 1 3 638 639 660 659
590 1 1 3 639 640 661 660
591 1 1 3 640 641 662 661
592 1 1 3 641 642 663 662
593 1 1 3 642 643 664 663
594 1 1 3 643 644 665 664
595 1 1 3 644 645 666 665
596 1 1 3 645 646 667 666
597 1 1 3 646 647 668 667
598 1 1 3 647 648 669 668
599 1 1 3 648 649 670 669
600 1 1 3 649 650 671 670
601 1 1 3 651 652 673 672
602 1 1 3 652 653 674 673
603 1 1 3 653 654 675 674
604 1 1 3 654 655 676 675
605 1 1 3 655 656 677 676
606 1 1 3 656 657 678 677
607 1 1 3 657 658 679 678
608 1 1 3 658 659 680 679
609 1 1 3 659 660 681 680
610 1 1 3 660 661 682 681
611 1 1 3 661 662 683 682
612 1 1 3 662 663 684 683
613 1 1 3 663 664 685 684
614 1 1 3 664 665 686 685
615 1 1 3 665 666 687 686
616 1 1 3 666 667 688 687
617 1 1 3 667 668 689 688
618 1 1 3 668 669 690 689
619 1 1 3 669 670 691 690
620 1 1 3 670 671 692 691
621 1 1 3 672 673 694 693
622 1 1 3 673 674 695 694
623 1 1 3 674 675 696 695
624 1 1 3 675 676 697 696
625 1 1 3 676 677 698 697
626 1 1 3 677 678 699 698
627 1 1 3 678 679 700 699
628 1 1 3 679 680 701 700
629 1 1 3 680 681 702 701
630 1 1 3 681 682 703 702
631 1 1 3 682 683 704 703
632 1 1 3 683 684 705 704
633 1 1 3 684 685 706 705
634 1 1 3 685 686 707 706
635 1 1 3 686 687 708 707
636 1 1 3 687 688 709 708
637 1 1 3 688 689 710 709
638 1 1 3 689 690 711 710
639 1 1 3 690 691 712 711
640 1 1 3 691 692 713 712
641 1 1 3 693 694 715 714
642 1 1 3 694 695 716 715
643 1 1 3 695 696 717 716
644 1 1 3 696 697 718 717
645 1 1 3 697 698 719 718
646 1 1 3 698 699 720 719
647 1 1 3 699 700 721 720
648 1 1 3 700 701 722 721
649 1 1 3 701 702 723 722
650 1 1 3 702 703 724 723
651 1 1 3 703 704 725 724
652 1 1 3 704 705 726 725
653 1 1 3 705 706 727 726
654 1 1 3 706 707 728 727
655 1 1 3 707 708 729 728
656 1 1 3 708 709 730 729
657 1 1 3 709 710 731 730
658 1 1 3 710 711 732 731
659 1 1 3 711 712 733 732
660 1 1 3 712 713 734 733
661 1 1 3 714 715 736 735
662 1 1 3 715 716 737 736
663 1 1 3 716 717 738 737
664 1 1 3 717 718 739 738
665 1 1 3 718 719 740 739
666 1 1 3 719 720 741 740
667 1 1 3 720 721 742 741
668 1 1 3 721 722 743 742
669 1 1 3 722 723 744 743
670 1 1 3 723 724 745 744
671 1 1 3 724 725 746 745
672 1 1 3 725 726 747 746
673 1 1 3 726 727 748 747
674 1 1 3 727 728 749 748
675 1 1 3 728 729 750 749
676 1 1 3 729 730 751 750
677 1 1 3 730 731 752 751
678 1 1 3 731 732 753 752
679 1 1 3 732 733 754 753
680 1 1 3 733 734 755 754
681 1 1 3 735 736 757 756
682 1 1 3 736 737 758 757
683 1 1 3 737 738 759 758
684 1 1 3 738 739 760 759
685 1 1 3 739 740 761 760
686 1 1 3 740 741 762 761
687 1 1 3 741 742 763 762
688 1 1 3 742 743 764 763
689 1 1 3 743 744 765 764
690 1 1 3 744 745 766 765
691 1 1 3 745 746 767 766
692 1 1 3 746 747 768 767
693 1 1 3 747 748 769 768
694 1 1 3 748 749 770 769
695 1 1 3 749 750 771 770
696 1 1 3 750 751 772 771
697 1 1 3 751 752 773 772
698 1 1 3 752 753 774 773
699 1 1 3 753 754 775 774
700 1 1 3 754 755 776 775
701 1 1 3 756 757 778 777
702 1 1 3 757 758 779 778
703 1 1 3 758 759 780 779
704 1 1 3 759 760 781 780
705 1 1 3 760 761 782 781
706 1 1 3 761 762 783 782
707 1 1 3 762 763 784 783
708 1 1 3 763 764 785 784
709 1 1 3 764 765 786 785
710 1 1 3 765 766 787 786
711 1 1 3 766 767 788 787
712 1 1 3 767 768 789 788
713 1 1 3 768 769 790 789
714 1 1 3 769 770 791 790
715 1 1 3 770 771 792 791
716 1 1 3 771 772 793 792
717 1 1 3 772 773 794 793
718 1 1 3 773 774 795 794
719 1 1 3 774 775 796 795
720 1 1 3 775 776 797 796
721 1 1 3 777 778 799 798
722 1 1 3 778 779 800 799
723 1 1 3 779 780 801 800
724 1 1 3 780 781 802 801
725 1 1 3 781 782 803 802
726 1 1 3 782 783 804 803
727 1 1 3 783 784 805 804
728 1 1 3 784 785 806 805
729 1 1 3 785 786 807 806
730 1 1 3 786 787 808 807
731 1 1 3 787 788 809 808
732 1 1 3 788 789 810 809
733 1 1 3 789 790 811 810
734 1 1 3 790 791 812 811
735 1 1 3 791 792 813 812
736 1 1 3 792 793 814 813
737 1 1 3 793 794 815 814
738 1 1 3 794 795 816 815
739 1 1 3 795 796 817 816
740 1 1 3 796 797 818 817
741 1 1 3 798 799 820 819
742 1 1 3 799 800 821 820
743 1 1 3 800 801 822 821
744 1 1 3 801 802 823 822
745 1 1 3 802 803 824 823
746 1 1 3 803 804 825 824
747 1 1 3 804 805 826 825
748 1 1 3 805 806 827 826
749 1 1 3 806 807 828 827
750 1 1 3 807 808 829 828
751 1 1 3 808 809 830 829
752 1 1 3 809 810 831 830
753 1 1 3 810 811 832 831
754 1 1 3 811 812 833 832
755 1 1 3 812 813 834 833
756 1 1 3 813 814 835 834
757 1 1 3 814 815 836 835
758 1 1 3 815 816 837 836
759 1 1 3 816 817 838 837
760 1 1 3 817 818 839 838
761 1 1 3 819 820 841 840
762 1 1 3 820 821 842 841
763 1 1 3 821 822 843 842
764 1 1 3 822 823 844 843
765 1 1 3 823 824 845 844
766 1 1 3 824 825 846 845
767 1 1 3 825 826 847 846
768 1 1 3 826 827 848 847
769 1 1 3 827 828 849 848
770 1 1 3 828 829 850 849
771 1 1 3 829 830 851 850
772 1 1 3 830 831 852 851
773 1 1 3 831 832 853 852
774 1 1 3 832 833 854 853
775 1 1 3 833 834 855 854
776 1 1 3 834 835 856 855
777 1 1 3 835 836 857 856
778 1 1 3 836 837 858 857
779 1 1 3 837 838 859 858
780 1 1 3 838 839 860 859
781 1 1 3 840 841 862 861
782 1 1 3 841 842 863 862
783 1 1 3 842 843 864 863
784 1 1 3 843 844 865 864
785 1 1 3 844 845 866 865
786 1 1 3 845 846 867 866
787 1 1 3 846 847 868 867
788 1 1 3 847 848 869 868
789 1 1 3 848 849 870 869
790 1 1 3 849 850 871 870
791 1 1 3 850 851 872 871
792 1 1 3 851 852 873 872
793 1 1 3 852 853 874 873
794 1 1 3 853 854 875 874
795 1 1 3 854 855 876 875
796 1 1 3 855 856 877 876
797 1 1 3 856 857 878 877
798 1 1 3 857 858 879 878
799 1 1 3 858 859 880 879
800 1 1 3 859 860 881 880
801 1 1 3 21 20 883 882
802 1 1 3 20 19 884 883
803 1 1 3 19 18 885 884
804 1 1 3 18 17 886 885
805 1 1 3 17 16 887 886
806 1 1 3 16 15 888 887
807 1 1 3 15 14 889 888
808 1 1 3 14 13 890 889
809 1 1 3 13 12 891 890
810 1 1 3 12 11 892 891
811 1 1 3 11 10 893 892
812 1 1 3 10 9 894 893
813 1 1 3 9 8 895 894
814 1 1 3 8 7 896 895
815 1 1 3 7 6 897 896
816 1 1 3 6 5 898 897
817 1 1 3 5 4 899 898
818 1 1 3 4 3 900 899
819 1 1 3 3 2 901 900
820 1 1 3 2 1 461 901
821 1 1 3 882 883 903 902
822 1 1 3 883 884 904 903
823 1 1 3 884 885 905 904
824 1 1 3 885 886 906 905
825 1 1 3 886 887 907 906
826 1 1 3 887 888 908 907
827 1 1 3 888 889 909 908
828 1 1 3 889 890 910 909
829 1 1 3 890 891 911 910
830 1 1 3 891 892 912 911
831 1 1 3 892 893 913 912
832 1 1 3 893 894 914 913
833 1 1 3 894 895 915 914
834 1 1 3 895 896 916 915
835 1 1 3 896 897 917 916
836 1 1 3 897 898 918 917
837 1 1 3 898 899 919 918
838 1 1 3 899 900 920 919
839 1 1 3 900 901 921 920
840 1 1 3 901 461 460 921
841 1 1 3 902 903 923 922
842 1 1 3 903 904 924 923
843 1 1 3 904 905 925 924
844 1 1 3 905 906 926 925
845 1 1 3 906 907 927 926
846 1 1 3 907 908 928 927
847 1 1 3 908 909 929 928
848 1 1 3 909 910 930 929
849 1 1 3 910 911 931 930
850 1 1 3 911 912 932 931
851 1 1 3 912 913 933 932
852 1 1 3 913 914 934 933
853 1 1 3 914 915 935 934
854 1 1 3 915 916 936 935
855 1 1 3 916 917 937 936
856 1 1 3 917 918 938 937
857 1 1 3 918 919 939 938
858 1 1 3 919 920 940 939
859 1 1 3 920 921 941 940
860 1 1 3 921 460 459 941
861 1 1 3 922 923 943 942
862 1 1 3 923 924 944 943
863 1 1 3 924 925 945 944
864 1 1 3 925 926 946 945
865 1 1 3 926 927 947 946
866 1 1 3 927 928 948 947
867 1 1 3 928 929 949 948
868 1 1 3 929 930 950 949
869 1 1 3 930 931 951 950
870 1 1 3 931 932 952 951
871 1 1 3 932 933 953 952
872 1 1 3 933 934 954 953
873 1 1 3 934 935 955 954
874 1 1 3 935 936 956 955
875 1 1 3 936 937 957 956
876 1 1 3 937 938 958 957
877 1 1 3 938 939 959 958
878 1 1 3 939 940 960 959
879 1 1 3 940 941 961 960
880 1 1 3 941 459 458 961
881 1 1 3 942 943 963 962
882 1 1 3 943 944 964 963
883 1 1 3 944 945 965 964
884 1 1 3 945 946 966 965
885 1 1 3 946 947 967 966
886 1 1 3 947 948 968 967
887 1 1 3 948 949 969 968
888 1 1 3 949 950 970 969
889 1 1 3 950 951 971 970
890 1 1 3 951 952 972 971
891 1 1 3 952 953 973 972
892 1 1 3 953 954 974 973
893 1 1 3 954 955 975 974
894 1 1 3 955 956 976 975
895 1 1 3 956 957 977 976
896 1 1 3 957 958 978 977
897 1 1 3 958 959 979 978
898 1 1 3 959 960 980 979
899 1 1 3 960 961 981 980
900 1 1 3 961 458 457 981
901 1 1 3 962 963 983 982
902 1 1 3 963 964 984 983
903 1 1 3 964 965 985 984
904 1 1 3 965 966 986 985
905 1 1 3 966 967 987 986
906 1 1 3 967 968 988 987
907 1 1 3 968 969 989 988
908 1 1 3 969 970 990 989
909 1 1 3 970 971 991 990
910 1 1 3 971 972 992 991
911 1 1 3 972 973 993 992
912 1 1 3 973 974 994 993
913 1 1 3 974 975 995 994
914 1 1 3 975 976 996 995
915 1 1 3 976 977 997 996
916 1 1 3 977 978 998 997
917 1 1 3 978 979 999 998
918 1 1 3 979 980 1000 999
919 1 1 3 980 981 1001 1000
920 1 1 3 981 457 456 1001
921 1 1 3 982 983 1003 1002
922 1 1 3 983 984 1004 1003
923 1 1 3 984 985 1005 1004
924 1 1 3 985 986 1006 1005
925 1 1 3 986 987 1007 1006
926 1 1 3 987 988 1008 1007
927 1 1 3 988 989 1009 1008
928 1 1 3 989 990 1010 1009
929 1 1 3 990 991 1011 1010
930 1 1 3 991 992 1012 1011
931 1 1 3 992 993 1013 1012
932 1 1 3 993 994 1014 1013
933 1 1 3 994 995 1015 1014
934 1 1 3 995 996 1016 1015
935 1 1 3 996 997 1017 1016
936 1 1 3 997 998 1018 1017
937 1 1 3 998 999 1019 1018
938 1 1 3 999 1000 1020 1019
939 1 1 3 1000 1001 1021 1020
940 1 1 3 1001 456 455 1021
941 1 1 3 1002 1003 1023 1022
942 1 1 3 1003 1004 1024 1023
943 1 1 3 1004 1005 1025 1024
944 1 1 3 1005 1006 1026 1025
945 1 1 3 1006 1007 1027 1026
946 1 1 3 1007 1008 1028 1027
947 1 1 3 1008 1009 1029 1028
948 1 1 3 1009 1010 1030 1029
949 1 1 3 1010 1011 1031 1030
950 1 1 3 1011 1012 1032 1031
951 1 1 3 1012 1013 1033 1032
952 1 1 3 1013 1014 1034 1033
953 1 1 3 1014 1015 1035 1034
954 1 1 3 1015 1016 1036 1035
955 1 1 3 1016 1017 1037 1036
956 1 1 3 1017 1018 1038 1037
957 1 1 3 1018 1019 1039 1038
958 1 1 3 1019 1020 1040 1039
959 1 1 3 1020 1021 1041 1040
960 1 1 3 1021 455 1042 1041
961 1 1 3 1022 1023 1044 1043
962 1 1 3 1023 1024 1045 1044
963 1 1 3 1024 1025 1046 1045
964 1 1 3 1025 1026 1047 1046
965 1 1 3 1026 1027 1048 1047
966 1 1 3 1027 1028 1049 1048
967 1 1 3 1028 1029 1050 1049
968 1 1 3 1029 1030 1051 1050
969 1 1 3 1030 1031 1052 1051
970 1 1 3 1031 1032 1053 1052
971 1 1 3 1032 1033 1054 1053
972 1 1 3 1033 1034 1055 1054
973 1 1 3 1034 1035 1056 1055
974 1 1 3 1035 1036 1057 1056
975 1 1 3 1036 1037 1058 1057
976 1 1 3 1037 1038 1059 1058
977 1 1 3 1038 1039 1060 1059
978 1 1 3 1039 1040 1061 1060
979 1 1 3 1040 1041 1062 1061
980 1 1 3 1041 1042 453 1062
981 1 1 3 1043 1044 1064 1063
982 1 1 3 1044 1045 1065 1064
983 1 1 3 1045 1046 1066 1065
984 1 1 3 1046 1047 1067 1066
985 1 1 3 1047 1048 1068 1067
986 1 1 3 1048 1049 1069 1068
987 1 1 3 1049 1050 1070 1069
988 1 1 3 1050 1051 1071 1070
989 1 1 3 1051 1052 1072 1071
990 1 1 3 1052 1053 1073 1072
991 1 1 3 1053 1054 1074 1073
992 1 1 3 1054 1055 1075 1074
993 1 1 3 1055 1056 1076 1075
994 1 1 3 1056 1057 1077 1076
995 1 1 3 1057 1058 1078 1077
996 1 1 3 1058 1059 1079 1078
997 1 1 3 1059 1060 1080 1079
998 1 1 3 1060 1061 1081 1080
999 1 1 3 1061 1062 1082 1081
1000 1 1 3 1062 453 452 1082
1001 1 1 3 1063 1064 1084 1083
1002 1 1 3 1064 1065 1085 1084
1003 1 1 3 1065 1066 1086 1085
1004 1 1 3 1066 1067 1087 1086
1005 1 1 3 1067 1068 1088 1087
1006 1 1 3 1068 1069 1089 1088
1007 1 1 3 1069 1070 1090 1089
1008 1 1 3 1070 1071 1091 1090
1009 1 1 3 1071 1072 1092 1091
1010 1 1 3 1072 1073 1093 1092
1011 1 1 3 1073 1074 1094 1093
1012 1 1 3 1074 1075 1095 1094
1013 1 1 3 1075 1076 1096 1095
1014 1 1 3 1076 1077 1097 1096
1015 1 1 3 1077 1078 1098 1097
1016 1 1 3 1078 1079 1099 1098
1017 1 1 3 1079 1080 1100 1099
1018 1 1 3 1080 1081 1101 1100
1019 1 1 3 1081 1082 1102 1101
1020 1 1 3 1082 452 451 1102
1021 1 1 3 1083 1084 1104 1103
1022 1 1 3 1084 1085 1105 1104
1023 1 1 3 1085 1086 1106 1105
1024 1 1 3 1086 1087 1107 1106
1025 1 1 3 1087 1088 1108 1107
1026 1 1 3 1088 1089 1109 1108
1027 1 1 3 1089 1090 1110 1109
1028 1 1 3 1090 1091 1111 1110
1029 1 1 3 1091 1092 1112 1111
1030 1 1 3 1092 1093 1113 1112
1031 1 1 3 1093 1094 1114 1113
1032 1 1 3 1094 1095 1115 1114
1033 1 1 3 1095 1096 1116 1115
1034 1 1 3 1096 1097 1117 1116
1035 1 1 3 1097 1098 1118 1117
1036 1 1 3 1098 1099 1119 1118
1037 1 1 3 1099 1100 1120 1119
1038 1 1 3 1100 1101 1121 1120
1039 1 1 3 1101 1102 1122 1121
1040 1 1 3 1102 451 1123 1122
1041 1 1 3 1103 1104 1125 1124
1042 1 1 3 1104 1105 1126 1125
1043 1 1 3 1105 1106 1127 1126
1044 1 1 3 1106 1107 1128 1127
1045 1 1 3 1107 1108 1129 1128
1046 1 1 3 1108 1109 1130 1129
1047 1 1 3 1109 1110 1131 1130
1048 1 1 3 1110 1111 1132 1131
1049 1 1 3 1111 1112 1133 1132
1050 1 1 3 1112 1113 1134 1133
1051 1 1 3 1113 1114 1135 1134
1052 1 1 3 1114 1115 1136 1135
1053 1 1 3 1115 1116 1137 1136
1054 1 1 3 1116 1117 1138 1137
1055 1 1 3 1117 1118 1139 1138
1056 1 1 3 1118 1119 1140 1139
1057 1 1 3 1119 1120 1141 1140
1058 1 1 3 1120 1121 1142 1141
1059 1 1 3 1121 1122 1143 1142
1060 1 1 3 1122 1123 449 1143
1061 1 1 3 1124 1125 1145 1144
1062 1 1 3 1125 1126 1146 1145
1063 1 1 3 1126 1127 1147 1146
1064 1 1 3 1127 1128 1148 1147
1065 1 1 3 1128 1129 1149 1148
1066 1 1 3 1129 1130 1150 1149
1067 1 1 3 1130 1131 1151 1150
1068 1 1 3 1131 1132 1152 1151
1069 1 1 3 1132 1133 1153 1152
1070 1 1 3 1133 1134 1154 1153
1071 1 1 3 1134 1135 1155 1154
1072 1 1 3 1135 1136 1156 1155
1073 1 1 3 1136 1137 1157 1156
1074 1 1 3 1137 1138 1158 1157
1075 1 1 3 1138 1139 1159 1158
1076 1 1 3 1139 1140 1160 1159
1077 1 1 3 1140 1141 1161 1160
1078 1 1 3 1141 1142 1162 1161
1079 1 1 3 1142 1143 1163 1162
1080 1 1 3 1143 449 448 1163
1081 1 1 3 1144 1145 1165 1164
1082 1 1 3 1145 1146 1166 1165
1083 1 1 3 1146 1147 1167 1166
1084 1 1 3 1147 1148 1168 1167
1085 1 1 3 1148 1149 1169 1168
1086 1 1 3 1149 1150 1170 1169
1087 1 1 3 1150 1151 1171 1170
1088 1 1 3 1151 1152 1172 1171
1089 1 1 3 1152 1153 1173 1172
1090 1 1 3 1153 1154 1174 1173
1091 1 1 3 1154 1155 1175 1174
1092 1 1 3 1155 1156 1176 1175
1093 1 1 3 1156 1157 1177 1176
1094 1 1 3 1157 1158 1178 1177
1095 1 1 3 1158 1159 1179 1178
1096 1 1 3 1159 1160 1180 1179
1097 1 1 3 1160 1161 1181 1180
1098 1 1 3 1161 1162 1182 1181
1099 1 1 3 1162 1163 1183 1182
1100 1 1 3 1163 448 447 1183
1101 1 1 3 1164 1165 1185 1184
1102 1 1 3 1165 1166 1186 1185
1103 1 1 3 1166 1167 1187 1186
1104 1 1 3 1167 1168 1188 1187
1105 1 1 3 1168 1169 1189 1188
1106 1 1 3 1169 1170 1190 1189
1107 1 1 3 1170 1171 1191 1190
1108 1 1 3 1171 1172 1192 1191
1109 1 1 3 1172 1173 1193 1192
1110 1 1 3 1173 1174 1194 1193
1111 1 1 3 1174 1175 1195 1194
1112 1 1 3 1175 1176 1196 1195
1113 1 1 3 1176 1177 1197 1196
1114 1 1 3 1177 1178 1198 1197
1115 1 1 3 1178 1179 1199 1198
1116 1 1 3 1179 1180 1200 1199
1117 1 1 3 1180 1181 1201 1200
1118 1 1 3 1181 1182 1202 1201
1119 1 1 3 1182 1183 1203 1202
1120 1 1 3 1183 447 446 1203
1121 1 1 3 1184 1185 1205 1204
1122 1 1 3 1185 1186 1206 1205
1123 1 1 3 1186 1187 1207 1206
1124 1 1 3 1187 1188 1208 1207
1125 1 1 3 1188 1189 1209 1208
1126 1 1 3 1189 1190 1210 1209
1127 1 1 3 1190 1191 1211 1210
1128 1 1 3 1191 1192 1212 1211
1129 1 1 3 1192 1193 1213 1212
1130 1 1 3 1193 1194 1214 1213
1131 1 1 3 1194 1195 1215 1214
1132 1 1 3 1195 1196 1216 1215
1133 1 1 3 1196 1197 1217 1216
1134 1 1 3 1197 1198 1218 1217
1135 1 1 3 1198 1199 1219 1218
1136 1 1 3 1199 1200 1220 1219
1137 1 1 3 1200 1201 1221 1220
1138 1 1 3 1201 1202 1222 1221
1139 1 1 3 1202 1203 1223 1222
1140 1 1 3 1203 446 445 1223
1141 1 1 3 1204 1205 1225 1224
1142 1 1 3 1205 1206 1226 1225
1143 1 1 3 1206 1207 1227 1226
1144 1 1 3 1207 1208 1228 1227
1145 1 1 3 1208 1209 1229 1228
1146 1 1 3 1209 1210 1230 1229
1147 1 1 3 1210 1211 1231 1230
1148 1 1 3 1211 1212 1232 1231
1149 1 1 3 1212 1213 1233 1232
1150 1 1 3 1213 1214 1234 1233
1151 1 1 3 1214 1215 1235 1234
1152 1 1 3 1215 1216 1236 1235
1153 1 1 3 1216 1217 1237 1236
1154 1 1 3 1217 1218 1238 1237
1155 1 1 3 1218 1219 1239 1238
1156 1 1 3 1219 1220 1240 1239
1157 1 1 3 1220 1221 1241 1240
1158 1 1 3 1221 1222 1242 1241
1159 1 1 3 1222 1223 1243 1242
1160 1 1 3 1223 445 444 1243
1161 1 1 3 1224 1225 1245 1244
1162 1 1 3 1225 1226 1246 1245
1163 1 1 3 1226 1227 1247 1246
1164 1 1 3 1227 1228 1248 1247
1165 1 1 3 1228 1229 1249 1248
1166 1 1 3 1229 1230 1250 1249
1167 1 1 3 1230 1231 1251 1250
1168 1 1 3 1231 1232 1252 1251
1169 1 1 3 1232 1233 1253 1252
1170 1 1 3 1233 1234 1254 1253
1171 1 1 3 1234 1235 1255 1254
1172 1 1 3 1235 1236 1256 1255
1173 1 1 3 1236 1237 1257 1256
1174 1 1 3 1237 1238 1258 1257
1175 1 1 3 1238 1239 1259 1258
1176 1 1 3 1239 1240 1260 1259
1177 1 1 3 1240 1241 1261 1260
1178 1 1 3 1241 1242 1262 1261
1179 1 1 3 1242 1243 1263 1262
1180 1 1 3 1243 444 443 1263
1181 1 1 3 1244 1245 1265 1264
1182 1 1 3 1245 1246 1266 1265
1183 1 1 3 1246 1247 1267 1266
1184 1 1 3 1247 1248 1268 1267
1185 1 1 3 1248 1249 1269 1268
1186 1 1 3 1249 1250 1270 1269
1187 1 1 3 1250 1251 1271 1270
1188 1 1 3 1251 1252 1272 1271
1189 1 1 3 1252 1253 1273 1272
1190 1 1 3 1253 1254 1274 1273
1191 1 1 3 1254 1255 1275 1274
1192 1 1 3 1255 1256 1276 1275
1193 1 1 3 1256 1257 1277 1276
1194 1 1 3 1257 1258 1278 1277
1195 1 1 3 1258 1259 1279 1278
1196 1 1 3 1259 1260 1280 1279
1197 1 1 3 1260 1261 1281 1280
1198 1 1 3 1261 1262 1282 1281
1199 1 1 3 1262 1263 1283 1282
1200 1 1 3 1263 443 442 1283

%LOAD
1
1	'Load_Case_1'

%LOAD.CASE
1

%LOAD.CASE.LINE.FORCE.UNIFORM
20
381	421	422	0	0.000000	430.000000	0.000000
382	422	423	0	0.000000	430.000000	0.000000
383	423	424	0	0.000000	430.000000	0.000000
384	424	425	0	0.000000	430.000000	0.000000
385	425	426	0	0.000000	430.000000	0.000000
386	426	427	0	0.000000	430.000000	0.000000
387	427	428	0	0.000000	430.000000	0.000000
388	428	429	0	0.000000	430.000000	0.000000
389	429	430	0	0.000000	430.000000	0.000000
390	430	431	0	0.000000	430.000000	0.000000
391	431	432	0	0.000000	430.000000	0.000000
392	432	433	0	0.000000	430.000000	0.000000
393	433	434	0	0.000000	430.000000	0.000000
394	434	435	0	0.000000	430.000000	0.000000
395	435	436	0	0.000000	430.000000	0.000000
396	436	437	0	0.000000	430.000000	0.000000
397	437	438	0	0.000000	430.000000	0.000000
398	438	439	0	0.000000	430.000000	0.000000
399	439	440	0	0.000000	430.000000	0.000000
400	440	441	0	0.000000	430.000000	0.000000

%END