%HEADER
Output file created by FEMEP (version October/2021).
'File created by FEMEP program'

%HEADER.ANALYSIS
'plane_stress'

%NODE
1089

%NODE.COORD
1089
1 0.000000 44.000000 0.000000
2 0.000000 43.083333 0.000000
3 0.000000 42.137097 0.000000
4 0.000000 41.161290 0.000000
5 0.000000 40.155914 0.000000
6 0.000000 39.120968 0.000000
7 0.000000 38.056452 0.000000
8 0.000000 36.962366 0.000000
9 0.000000 35.838710 0.000000
10 0.000000 34.685484 0.000000
11 0.000000 33.502688 0.000000
12 0.000000 32.290323 0.000000
13 0.000000 31.048387 0.000000
14 0.000000 29.776882 0.000000
15 0.000000 28.475806 0.000000
16 0.000000 27.145161 0.000000
17 0.000000 25.784946 0.000000
18 0.000000 24.395161 0.000000
19 0.000000 22.975806 0.000000
20 0.000000 21.526882 0.000000
21 0.000000 20.048387 0.000000
22 0.000000 18.540323 0.000000
23 0.000000 17.002688 0.000000
24 0.000000 15.435484 0.000000
25 0.000000 13.838710 0.000000
26 0.000000 12.212366 0.000000
27 0.000000 10.556452 0.000000
28 0.000000 8.870968 0.000000
29 0.000000 7.155914 0.000000
30 0.000000 5.411290 0.000000
31 0.000000 3.637097 0.000000
32 0.000000 1.833333 0.000000
33 0.000000 0.000000 0.000000
34 1.000000 44.333333 0.000000
35 1.031719 43.424829 0.000000
36 1.050531 42.494723 0.000000
37 1.064803 41.538445 0.000000
38 1.077869 40.554208 0.000000
39 1.090840 39.541415 0.000000
40 1.103937 38.499948 0.000000
41 1.117194 37.429788 0.000000
42 1.130609 36.330937 0.000000
43 1.144183 35.203393 0.000000
44 1.157915 34.047157 0.000000
45 1.171807 32.862229 0.000000
46 1.185857 31.648609 0.000000
47 1.200066 30.406297 0.000000
48 1.214434 29.135293 0.000000
49 1.228960 27.835596 0.000000
50 1.243645 26.507207 0.000000
51 1.258489 25.150127 0.000000
52 1.273492 23.764354 0.000000
53 1.288654 22.349889 0.000000
54 1.303974 20.906732 0.000000
55 1.319453 19.434882 0.000000
56 1.335091 17.934341 0.000000
57 1.350887 16.405107 0.000000
58 1.366842 14.847181 0.000000
59 1.382956 13.260563 0.000000
60 1.399229 11.645253 0.000000
61 1.415661 10.001251 0.000000
62 1.432251 8.328585 0.000000
63 1.448998 6.627447 0.000000
64 1.465893 4.898802 0.000000
65 1.482911 3.145539 0.000000
66 1.500000 1.375000 0.000000
67 2.032258 44.677419 0.000000
68 2.082335 43.784477 0.000000
69 2.115982 42.872423 0.000000
70 2.143191 41.936054 0.000000
71 2.168772 40.972879 0.000000
72 2.194283 39.982090 0.000000
73 2.220074 38.963505 0.000000
74 2.246179 37.917107 0.000000
75 2.272596 36.842896 0.000000
76 2.299326 35.740872 0.000000
77 2.326368 34.611036 0.000000
78 2.353723 33.453386 0.000000
79 2.381390 32.267923 0.000000
80 2.409371 31.054647 0.000000
81 2.437663 29.813559 0.000000
82 2.466269 28.544657 0.000000
83 2.495187 27.247943 0.000000
84 2.524418 25.923415 0.000000
85 2.553961 24.571075 0.000000
86 2.583817 23.190921 0.000000
87 2.613986 21.782955 0.000000
88 2.644467 20.347175 0.000000
89 2.675261 18.883583 0.000000
90 2.706367 17.392178 0.000000
91 2.737786 15.872960 0.000000
92 2.769518 14.325928 0.000000
93 2.801562 12.751084 0.000000
94 2.833919 11.148427 0.000000
95 2.866589 9.517984 0.000000
96 2.899567 7.860054 0.000000
97 2.932837 6.175958 0.000000
98 2.966348 4.469773 0.000000
99 3.000000 2.750000 0.000000
100 3.096774 45.032258 0.000000
101 3.159888 44.157301 0.000000
102 3.205693 43.264182 0.000000
103 3.244670 42.347723 0.000000
104 3.281963 41.405392 0.000000
105 3.319332 40.436320 0.000000
106 3.357126 39.440331 0.000000
107 3.395378 38.417412 0.000000
108 3.434089 37.367561 0.000000
109 3.473258 36.290779 0.000000
110 3.512884 35.187065 0.000000
111 3.552969 34.056420 0.000000
112 3.593512 32.898844 0.000000
113 3.634513 31.714336 0.000000
114 3.675973 30.502897 0.000000
115 3.717890 29.264527 0.000000
116 3.760265 27.999226 0.000000
117 3.803099 26.706993 0.000000
118 3.846391 25.387828 0.000000
119 3.890140 24.041733 0.000000
120 3.934348 22.668706 0.000000
121 3.979014 21.268748 0.000000
122 4.024138 19.841858 0.000000
123 4.069721 18.388037 0.000000
124 4.115761 16.907285 0.000000
125 4.162259 15.399601 0.000000
126 4.209216 13.864986 0.000000
127 4.256631 12.303440 0.000000
128 4.304503 10.714989 0.000000
129 4.352828 9.099922 0.000000
130 4.401581 7.459686 0.000000
131 4.450687 5.798505 0.000000
132 4.500000 4.125000 0.000000
133 4.193548 45.397849 0.000000
134 4.267552 44.541311 0.000000
135 4.324149 43.667101 0.000000
136 4.373897 42.770310 0.000000
137 4.422088 41.848472 0.000000
138 4.470488 40.900767 0.000000
139 4.519449 39.927031 0.000000
140 4.569004 38.927248 0.000000
141 4.619152 37.901417 0.000000
142 4.669893 36.849541 0.000000
143 4.721228 35.771617 0.000000
144 4.773157 34.667647 0.000000
145 4.825679 33.537629 0.000000
146 4.878794 32.381566 0.000000
147 4.932503 31.199455 0.000000
148 4.986805 29.991298 0.000000
149 5.041701 28.757093 0.000000
150 5.097190 27.496843 0.000000
151 5.153273 26.210545 0.000000
152 5.209949 24.898201 0.000000
153 5.267219 23.559809 0.000000
154 5.325082 22.195372 0.000000
155 5.383539 20.804887 0.000000
156 5.442589 19.388356 0.000000
157 5.502232 17.945777 0.000000
158 5.562469 16.477153 0.000000
159 5.623300 14.982481 0.000000
160 5.684724 13.461763 0.000000
161 5.746740 11.915023 0.000000
162 5.809344 10.342542 0.000000
163 5.872501 8.745718 0.000000
164 5.936117 7.128749 0.000000
165 6.000000 5.500000 0.000000
166 5.322581 45.774194 0.000000
167 5.406382 44.935842 0.000000
168 5.472802 44.080239 0.000000
169 5.532468 43.202741 0.000000
170 5.590695 42.301026 0.000000
171 5.649253 41.374321 0.000000
172 5.708497 40.422471 0.000000
173 5.768460 39.445462 0.000000
174 5.829140 38.443294 0.000000
175 5.890538 37.415967 0.000000
176 5.952655 36.363481 0.000000
177 6.015490 35.285836 0.000000
178 6.079042 34.183032 0.000000
179 6.143313 33.055069 0.000000
180 6.208302 31.901947 0.000000
181 6.274009 30.723666 0.000000
182 6.340434 29.520225 0.000000
183 6.407578 28.291626 0.000000
184 6.475439 27.037868 0.000000
185 6.544019 25.758950 0.000000
186 6.613316 24.454874 0.000000
187 6.683332 23.125638 0.000000
188 6.754066 21.771243 0.000000
189 6.825518 20.391690 0.000000
190 6.897688 18.986977 0.000000
191 6.970576 17.557105 0.000000
192 7.044183 16.102075 0.000000
193 7.118507 14.621885 0.000000
194 7.193549 13.116561 0.000000
195 7.269300 11.586372 0.000000
196 7.345723 10.032671 0.000000
197 7.422700 8.459511 0.000000
198 7.500000 6.875000 0.000000
199 6.483871 46.161290 0.000000
200 6.576590 45.340763 0.000000
201 6.651979 44.503386 0.000000
202 6.720702 43.644802 0.000000
203 6.788093 42.762835 0.000000
204 6.855927 41.856758 0.000000
205 6.924560 40.926426 0.000000
206 6.994026 39.971826 0.000000
207 7.064324 38.992958 0.000000
208 7.135453 37.989821 0.000000
209 7.207415 36.962417 0.000000
210 7.280208 35.910744 0.000000
211 7.353833 34.834803 0.000000
212 7.428291 33.734593 0.000000
213 7.503580 32.610116 0.000000
214 7.579701 31.461370 0.000000
215 7.656654 30.288357 0.000000
216 7.734439 29.091075 0.000000
217 7.813056 27.869525 0.000000
218 7.892504 26.623706 0.000000
219 7.972785 25.353620 0.000000
220 8.053898 24.059265 0.000000
221 8.135842 22.740642 0.000000
222 8.218619 21.397751 0.000000
223 8.302227 20.030592 0.000000
224 8.386667 18.639165 0.000000
225 8.471939 17.223469 0.000000
226 8.558044 15.783505 0.000000
227 8.644979 14.319297 0.000000
228 8.732736 12.831105 0.000000
229 8.821271 11.320233 0.000000
230 8.910448 9.790591 0.000000
231 9.000000 8.250000 0.000000
232 7.677419 46.559140 0.000000
233 7.778206 45.756054 0.000000
234 7.861710 44.936522 0.000000
235 7.938629 44.096475 0.000000
236 8.014309 43.233880 0.000000
237 8.090536 42.348058 0.000000
238 8.167665 41.438875 0.000000
239 8.245729 40.506317 0.000000
240 8.324728 39.550386 0.000000
241 8.404662 38.571080 0.000000
242 8.485531 37.568400 0.000000
243 8.567334 36.542346 0.000000
244 8.650073 35.492918 0.000000
245 8.733746 34.420116 0.000000
246 8.818355 33.323939 0.000000
247 8.903898 32.204389 0.000000
248 8.990376 31.061464 0.000000
249 9.077789 29.895165 0.000000
250 9.166137 28.705492 0.000000
251 9.255420 27.492444 0.000000
252 9.345637 26.256023 0.000000
253 9.436790 24.996227 0.000000
254 9.528878 23.713058 0.000000
255 9.621900 22.406514 0.000000
256 9.715857 21.076596 0.000000
257 9.810749 19.723303 0.000000
258 9.906577 18.346637 0.000000
259 10.003339 16.946596 0.000000
260 10.101035 15.523205 0.000000
261 10.199654 14.076712 0.000000
262 10.299147 12.608376 0.000000
263 10.399363 11.121961 0.000000
264 10.500000 9.625000 0.000000
265 8.903226 46.967742 0.000000
266 9.011232 46.181716 0.000000
267 9.101997 45.379647 0.000000
268 9.186247 44.557758 0.000000
269 9.269346 43.714160 0.000000
270 9.353081 42.848221 0.000000
271 9.437812 41.959818 0.000000
272 9.523569 41.048937 0.000000
273 9.610353 40.115579 0.000000
274 9.698165 39.159744 0.000000
275 9.787003 38.181433 0.000000
276 9.876868 37.180644 0.000000
277 9.967761 36.157379 0.000000
278 10.059680 35.111636 0.000000
279 10.152627 34.043416 0.000000
280 10.246600 32.952720 0.000000
281 10.341601 31.839546 0.000000
282 10.437629 30.703896 0.000000
283 10.534683 29.545769 0.000000
284 10.632765 28.365164 0.000000
285 10.731874 27.162083 0.000000
286 10.832010 25.936525 0.000000
287 10.933172 24.688489 0.000000
288 11.035362 23.417977 0.000000
289 11.138579 22.124988 0.000000
290 11.242823 20.809521 0.000000
291 11.348094 19.471578 0.000000
292 11.454392 18.111158 0.000000
293 11.561716 16.728283 0.000000
294 11.670055 15.323194 0.000000
295 11.779353 13.897099 0.000000
296 11.889445 12.453620 0.000000
297 12.000000 11.000000 0.000000
298 10.161290 47.387097 0.000000
299 10.275666 46.617747 0.000000
300 10.372837 45.832762 0.000000
301 10.463557 45.028653 0.000000
302 10.553201 44.203675 0.000000
303 10.643562 43.357248 0.000000
304 10.735000 42.489254 0.000000
305 10.827545 41.599684 0.000000
306 10.921199 40.688537 0.000000
307 11.015961 39.755814 0.000000
308 11.111831 38.801514 0.000000
309 11.208810 37.825637 0.000000
310 11.306897 36.828184 0.000000
311 11.406093 35.809154 0.000000
312 11.506397 34.768548 0.000000
313 11.607809 33.706365 0.000000
314 11.710329 32.622605 0.000000
315 11.813958 31.517268 0.000000
316 11.918695 30.390355 0.000000
317 12.024540 29.241866 0.000000
318 12.131494 28.071800 0.000000
319 12.239556 26.880157 0.000000
320 12.348727 25.666937 0.000000
321 12.459005 24.432141 0.000000
322 12.570392 23.175768 0.000000
323 12.682888 21.897819 0.000000
324 12.796492 20.598293 0.000000
325 12.911204 19.277191 0.000000
326 13.027023 17.934532 0.000000
327 13.143937 16.570551 0.000000
328 13.261887 15.186404 0.000000
329 13.380694 13.785569 0.000000
330 13.500000 12.375000 0.000000
331 11.451613 47.817204 0.000000
332 11.571509 47.064150 0.000000
333 11.674233 46.295867 0.000000
334 11.770559 45.509158 0.000000
335 11.865876 44.702426 0.000000
336 11.961979 43.875137 0.000000
337 12.059229 43.027185 0.000000
338 12.157658 42.158559 0.000000
339 12.257265 41.269260 0.000000
340 12.358051 40.359289 0.000000
341 12.460016 39.428644 0.000000
342 12.563160 38.477326 0.000000
343 12.667482 37.505334 0.000000
344 12.772984 36.512670 0.000000
345 12.879664 35.499333 0.000000
346 12.987522 34.465322 0.000000
347 13.096560 33.410639 0.000000
348 13.206777 32.335282 0.000000
349 13.318172 31.239252 0.000000
350 13.430746 30.122549 0.000000
351 13.544498 28.985173 0.000000
352 13.659430 27.827124 0.000000
353 13.775540 26.648402 0.000000
354 13.892829 25.449006 0.000000
355 14.011297 24.228938 0.000000
356 14.130944 22.988196 0.000000
357 14.251770 21.726781 0.000000
358 14.373774 20.444694 0.000000
359 14.496956 19.141953 0.000000
360 14.621302 17.818781 0.000000
361 14.746750 16.476289 0.000000
362 14.873110 15.117808 0.000000
363 15.000000 13.750000 0.000000
364 12.774194 48.258065 0.000000
365 12.898761 47.520922 0.000000
366 13.006183 46.768961 0.000000
367 13.107253 45.999275 0.000000
368 13.207370 45.210413 0.000000
369 13.308332 44.401890 0.000000
370 13.410500 43.573609 0.000000
371 13.513907 42.725562 0.000000
372 13.618552 41.857748 0.000000
373 13.724435 40.970168 0.000000
374 13.831557 40.062822 0.000000
375 13.939917 39.135709 0.000000
376 14.049516 38.188830 0.000000
377 14.160353 37.222184 0.000000
378 14.272428 36.235772 0.000000
379 14.385742 35.229593 0.000000
380 14.500294 34.203648 0.000000
381 14.616085 33.157937 0.000000
382 14.733114 32.092459 0.000000
383 14.851381 31.007214 0.000000
384 14.970887 29.902204 0.000000
385 15.091631 28.777426 0.000000
386 15.213613 27.632883 0.000000
387 15.336834 26.468572 0.000000
388 15.461294 25.284496 0.000000
389 15.586992 24.080653 0.000000
390 15.713928 22.857043 0.000000
391 15.842102 21.613667 0.000000
392 15.971514 20.350544 0.000000
393 16.102150 19.067886 0.000000
394 16.233942 17.766755 0.000000
395 16.366692 16.450337 0.000000
396 16.500000 15.125000 0.000000
397 14.129032 48.709677 0.000000
398 14.257422 47.988065 0.000000
399 14.368687 47.252044 0.000000
400 14.473639 46.499003 0.000000
401 14.577683 45.727635 0.000000
402 14.682621 44.937505 0.000000
403 14.788813 44.128527 0.000000
404 14.896293 43.300693 0.000000
405 15.005059 42.454002 0.000000
406 15.115113 41.588454 0.000000
407 15.226454 40.704049 0.000000
408 15.339082 39.800788 0.000000
409 15.452998 38.878670 0.000000
410 15.568200 37.937696 0.000000
411 15.684690 36.977865 0.000000
412 15.802467 35.999178 0.000000
413 15.921531 35.001633 0.000000
414 16.041882 33.985233 0.000000
415 16.163521 32.949975 0.000000
416 16.286446 31.895861 0.000000
417 16.410659 30.822891 0.000000
418 16.536159 29.731064 0.000000
419 16.662946 28.620380 0.000000
420 16.791020 27.490839 0.000000
421 16.920382 26.342442 0.000000
422 17.051031 25.175189 0.000000
423 17.182966 23.989079 0.000000
424 17.316189 22.784112 0.000000
425 17.450698 21.560307 0.000000
426 17.586479 20.317866 0.000000
427 17.723463 19.057803 0.000000
428 17.861441 17.783155 0.000000
429 18.000000 16.500000 0.000000
430 15.516129 49.172043 0.000000
431 15.647491 48.465578 0.000000
432 15.761746 47.745117 0.000000
433 15.869717 47.008341 0.000000
434 15.976816 46.254092 0.000000
435 16.084845 45.481984 0.000000
436 16.194168 44.691940 0.000000
437 16.304815 43.883951 0.000000
438 16.416787 43.058020 0.000000
439 16.530085 42.214144 0.000000
440 16.644707 41.352325 0.000000
441 16.760655 40.472562 0.000000
442 16.877928 39.574856 0.000000
443 16.996526 38.659206 0.000000
444 17.116449 37.725612 0.000000
445 17.237697 36.774075 0.000000
446 17.360271 35.804594 0.000000
447 17.484169 34.817170 0.000000
448 17.609393 33.811802 0.000000
449 17.735941 32.788490 0.000000
450 17.863815 31.747235 0.000000
451 17.993014 30.688036 0.000000
452 18.123538 29.610893 0.000000
453 18.255387 28.515807 0.000000
454 18.388561 27.402778 0.000000
455 18.523061 26.271804 0.000000
456 18.658885 25.122887 0.000000
457 18.796035 23.956027 0.000000
458 18.934508 22.771240 0.000000
459 19.074291 21.568720 0.000000
460 19.215312 20.349431 0.000000
461 19.357357 19.116263 0.000000
462 19.500000 17.875000 0.000000
463 16.935484 49.645161 0.000000
464 17.068969 48.953462 0.000000
465 17.185360 48.248179 0.000000
466 17.295487 47.527291 0.000000
467 17.404767 46.789786 0.000000
468 17.515006 46.035326 0.000000
469 17.626564 45.263846 0.000000
470 17.739474 44.475338 0.000000
471 17.853736 43.669803 0.000000
472 17.969350 42.847240 0.000000
473 18.086317 42.007649 0.000000
474 18.204636 41.151032 0.000000
475 18.324307 40.277386 0.000000
476 18.445330 39.386714 0.000000
477 18.567706 38.479013 0.000000
478 18.691433 37.554286 0.000000
479 18.816513 36.612531 0.000000
480 18.942945 35.653748 0.000000
481 19.070730 34.677938 0.000000
482 19.199866 33.685101 0.000000
483 19.330355 32.675236 0.000000
484 19.462196 31.648343 0.000000
485 19.595389 30.604424 0.000000
486 19.729935 29.543476 0.000000
487 19.865833 28.465501 0.000000
488 20.003082 27.370499 0.000000
489 20.141685 26.258470 0.000000
490 20.281639 25.129412 0.000000
491 20.422944 23.983344 0.000000
492 20.565586 22.820449 0.000000
493 20.709490 21.641639 0.000000
494 20.854440 20.449661 0.000000
495 21.000000 19.250000 0.000000
496 18.387097 50.129032 0.000000
497 18.521856 49.451716 0.000000
498 18.639528 48.761231 0.000000
499 18.750949 48.055851 0.000000
500 18.861538 47.334714 0.000000
501 18.973102 46.597531 0.000000
502 19.086001 45.844246 0.000000
503 19.200269 45.074852 0.000000
504 19.315905 44.289350 0.000000
505 19.432910 43.487741 0.000000
506 19.551283 42.670022 0.000000
507 19.671024 41.836196 0.000000
508 19.792134 40.986262 0.000000
509 19.914613 40.120219 0.000000
510 20.038460 39.238069 0.000000
511 20.163675 38.339810 0.000000
512 20.290259 37.425443 0.000000
513 20.418211 36.494968 0.000000
514 20.547532 35.548384 0.000000
515 20.678221 34.585693 0.000000
516 20.810279 33.606894 0.000000
517 20.943706 32.611986 0.000000
518 21.078500 31.600970 0.000000
519 21.214664 30.573846 0.000000
520 21.352195 29.530614 0.000000
521 21.491095 28.471274 0.000000
522 21.631364 27.395825 0.000000
523 21.773001 26.304269 0.000000
524 21.916005 25.196620 0.000000
525 22.060362 24.073051 0.000000
526 22.205997 22.934429 0.000000
527 22.352690 21.783348 0.000000
528 22.500000 20.625000 0.000000
529 19.870968 50.623656 0.000000
530 20.006152 49.960340 0.000000
531 20.124251 49.284272 0.000000
532 20.236103 48.594023 0.000000
533 20.347129 47.888878 0.000000
534 20.459134 47.168600 0.000000
535 20.572480 46.433140 0.000000
536 20.687201 45.682495 0.000000
537 20.803295 44.916663 0.000000
538 20.920763 44.135647 0.000000
539 21.039604 43.339444 0.000000
540 21.159820 42.528056 0.000000
541 21.281410 41.701482 0.000000
542 21.404373 40.859723 0.000000
543 21.528711 40.002778 0.000000
544 21.654422 39.130647 0.000000
545 21.781507 38.243330 0.000000
546 21.909967 37.340828 0.000000
547 22.039800 36.423141 0.000000
548 22.171006 35.490267 0.000000
549 22.303587 34.542208 0.000000
550 22.437542 33.578963 0.000000
551 22.572871 32.600533 0.000000
552 22.709573 31.606917 0.000000
553 22.847649 30.598115 0.000000
554 22.987100 29.574128 0.000000
555 23.127924 28.534954 0.000000
556 23.270122 27.480596 0.000000
557 23.413693 26.411066 0.000000
558 23.558621 25.326529 0.000000
559 23.704833 24.227800 0.000000
560 23.852107 23.117325 0.000000
561 24.000000 22.000000 0.000000
562 21.387097 51.129032 0.000000
563 21.521856 50.479335 0.000000
564 21.639528 49.817303 0.000000
565 21.750949 49.141806 0.000000
566 21.861538 48.452278 0.000000
567 21.973102 47.748531 0.000000
568 22.086001 47.030528 0.000000
569 22.200269 46.298265 0.000000
570 22.315905 45.551741 0.000000
571 22.432910 44.790958 0.000000
572 22.551283 44.015915 0.000000
573 22.671024 43.226611 0.000000
574 22.792134 42.423048 0.000000
575 22.914613 41.605224 0.000000
576 23.038460 40.773141 0.000000
577 23.163675 39.926797 0.000000
578 23.290259 39.066194 0.000000
579 23.418211 38.191330 0.000000
580 23.547532 37.302207 0.000000
581 23.678221 36.398823 0.000000
582 23.810279 35.481179 0.000000
583 23.943706 34.549276 0.000000
584 24.078500 33.603112 0.000000
585 24.214664 32.642688 0.000000
586 24.352195 31.668005 0.000000
587 24.491095 30.679061 0.000000
588 24.631364 29.675857 0.000000
589 24.773001 28.658393 0.000000
590 24.916005 27.626683 0.000000
591 25.060362 26.580881 0.000000
592 25.205997 25.521751 0.000000
593 25.352690 24.451592 0.000000
594 25.500000 23.375000 0.000000
595 22.935484 51.645161 0.000000
596 23.068969 51.008700 0.000000
597 23.185360 50.360323 0.000000
598 23.295487 49.699199 0.000000
599 23.404767 49.024913 0.000000
600 23.515006 48.337326 0.000000
601 23.626564 47.636410 0.000000
602 23.739474 46.922163 0.000000
603 23.853736 46.194584 0.000000
604 23.969350 45.453674 0.000000
605 24.086317 44.699434 0.000000
606 24.204636 43.931862 0.000000
607 24.324307 43.150958 0.000000
608 24.445330 42.356724 0.000000
609 24.567706 41.549158 0.000000
610 24.691433 40.728261 0.000000
611 24.816513 39.894033 0.000000
612 24.942945 39.046473 0.000000
613 25.070730 38.185583 0.000000
614 25.199866 37.311361 0.000000
615 25.330355 36.423808 0.000000
616 25.462196 35.522923 0.000000
617 25.595389 34.608708 0.000000
618 25.729935 33.681161 0.000000
619 25.865833 32.740283 0.000000
620 26.003082 31.786074 0.000000
621 26.141685 30.818533 0.000000
622 26.281639 29.837662 0.000000
623 26.422944 28.843472 0.000000
624 26.565586 27.836107 0.000000
625 26.709490 26.816283 0.000000
626 26.854440 25.786149 0.000000
627 27.000000 24.750000 0.000000
628 24.516129 52.172043 0.000000
629 24.647491 51.548436 0.000000
630 24.761746 50.913333 0.000000
631 24.869717 50.266204 0.000000
632 24.976816 49.606784 0.000000
633 25.084845 48.934983 0.000000
634 25.194168 48.250785 0.000000
635 25.304815 47.554188 0.000000
636 25.416787 46.845192 0.000000
637 25.530085 46.123796 0.000000
638 25.644707 45.390001 0.000000
639 25.760655 44.643807 0.000000
640 25.877928 43.885214 0.000000
641 25.996526 43.114221 0.000000
642 26.116449 42.330829 0.000000
643 26.237697 41.535038 0.000000
644 26.360271 40.726847 0.000000
645 26.484169 39.906258 0.000000
646 26.609393 39.073269 0.000000
647 26.735941 38.227880 0.000000
648 26.863815 37.370093 0.000000
649 26.993014 36.499906 0.000000
650 27.123538 35.617320 0.000000
651 27.255387 34.722335 0.000000
652 27.388561 33.814950 0.000000
653 27.523061 32.895166 0.000000
654 27.658885 31.962983 0.000000
655 27.796035 31.018401 0.000000
656 27.934508 30.061431 0.000000
657 28.074291 29.092208 0.000000
658 28.215312 28.111396 0.000000
659 28.357357 27.120995 0.000000
660 28.500000 26.125000 0.000000
661 26.129032 52.709677 0.000000
662 26.257422 52.098541 0.000000
663 26.368687 51.476332 0.000000
664 26.473639 50.842820 0.000000
665 26.577683 50.197890 0.000000
666 26.682621 49.541504 0.000000
667 26.788813 48.873655 0.000000
668 26.896293 48.194342 0.000000
669 27.005059 47.503565 0.000000
670 27.115113 46.801323 0.000000
671 27.226454 46.087618 0.000000
672 27.339082 45.362448 0.000000
673 27.452998 44.625814 0.000000
674 27.568200 43.877716 0.000000
675 27.684690 43.118154 0.000000
676 27.802467 42.347128 0.000000
677 27.921531 41.564638 0.000000
678 28.041882 40.770683 0.000000
679 28.163521 39.965264 0.000000
680 28.286446 39.148382 0.000000
681 28.410659 38.320035 0.000000
682 28.536159 37.480224 0.000000
683 28.662946 36.628948 0.000000
684 28.791020 35.766209 0.000000
685 28.920382 34.892006 0.000000
686 29.051031 34.006338 0.000000
687 29.182966 33.109206 0.000000
688 29.316189 32.200610 0.000000
689 29.450698 31.280561 0.000000
690 29.586479 30.349183 0.000000
691 29.723463 29.407090 0.000000
692 29.861441 28.456131 0.000000
693 30.000000 27.500000 0.000000
694 27.774194 53.258065 0.000000
695 27.898761 52.659018 0.000000
696 28.006183 52.049320 0.000000
697 28.107253 51.429046 0.000000
698 28.207370 50.798231 0.000000
699 28.308332 50.156888 0.000000
700 28.410500 49.505019 0.000000
701 28.513907 48.842623 0.000000
702 28.618552 48.169702 0.000000
703 28.724435 47.486256 0.000000
704 28.831557 46.792283 0.000000
705 28.939917 46.087784 0.000000
706 29.049516 45.372760 0.000000
707 29.160353 44.647209 0.000000
708 29.272428 43.911133 0.000000
709 29.385742 43.164531 0.000000
710 29.500294 42.407403 0.000000
711 29.616085 41.639750 0.000000
712 29.733114 40.861570 0.000000
713 29.851381 40.072865 0.000000
714 29.970887 39.273633 0.000000
715 30.091631 38.463876 0.000000
716 30.213613 37.643593 0.000000
717 30.336834 36.812784 0.000000
718 30.461294 35.971450 0.000000
719 30.586992 35.119589 0.000000
720 30.713928 34.257203 0.000000
721 30.842102 33.384291 0.000000
722 30.971514 32.500863 0.000000
723 31.102150 31.607033 0.000000
724 31.233942 30.703365 0.000000
725 31.366692 29.791557 0.000000
726 31.500000 28.875000 0.000000
727 29.451613 53.817204 0.000000
728 29.571509 53.229864 0.000000
729 29.674233 52.632298 0.000000
730 29.770559 52.024884 0.000000
731 29.865876 51.407808 0.000000
732 29.961979 50.781135 0.000000
733 30.059229 50.144876 0.000000
734 30.157658 49.499033 0.000000
735 30.257265 48.843605 0.000000
736 30.358051 48.178593 0.000000
737 30.460016 47.503996 0.000000
738 30.563160 46.819816 0.000000
739 30.667482 46.126050 0.000000
740 30.772984 45.422700 0.000000
741 30.879664 44.709766 0.000000
742 30.987522 43.987248 0.000000
743 31.096560 43.255145 0.000000
744 31.206777 42.513457 0.000000
745 31.318172 41.762186 0.000000
746 31.430746 41.001329 0.000000
747 31.544498 40.230889 0.000000
748 31.659430 39.450864 0.000000
749 31.775540 38.661255 0.000000
750 31.892829 37.862061 0.000000
751 32.011297 37.053283 0.000000
752 32.130944 36.234920 0.000000
753 32.251770 35.406973 0.000000
754 32.373774 34.569442 0.000000
755 32.496956 33.722335 0.000000
756 32.621302 32.865757 0.000000
757 32.746750 32.000221 0.000000
758 32.873110 31.127272 0.000000
759 33.000000 30.250000 0.000000
760 31.161290 54.387097 0.000000
761 31.275666 53.811081 0.000000
762 31.372837 53.225266 0.000000
763 31.463557 52.630332 0.000000
764 31.553201 52.026621 0.000000
765 31.643562 51.414245 0.000000
766 31.735000 50.793228 0.000000
767 31.827545 50.163570 0.000000
768 31.921199 49.525273 0.000000
769 32.015961 48.878336 0.000000
770 32.111831 48.222759 0.000000
771 32.208810 47.558542 0.000000
772 32.306897 46.885686 0.000000
773 32.406093 46.204189 0.000000
774 32.506397 45.514053 0.000000
775 32.607809 44.815277 0.000000
776 32.710329 44.107862 0.000000
777 32.813958 43.391806 0.000000
778 32.918695 42.667111 0.000000
779 33.024540 41.933776 0.000000
780 33.131494 41.191801 0.000000
781 33.239556 40.441187 0.000000
782 33.348727 39.681932 0.000000
783 33.459005 38.914038 0.000000
784 33.570392 38.137504 0.000000
785 33.682888 37.352330 0.000000
786 33.796492 36.558517 0.000000
787 33.911204 35.756063 0.000000
788 34.027023 34.944978 0.000000
789 34.143937 34.125355 0.000000
790 34.261887 33.297658 0.000000
791 34.380694 32.463278 0.000000
792 34.500000 31.625000 0.000000
793 32.903226 54.967742 0.000000
794 33.011232 54.402668 0.000000
795 33.101997 53.828223 0.000000
796 33.186247 53.245392 0.000000
797 33.269346 52.654669 0.000000
798 33.353081 52.056219 0.000000
799 33.437812 51.450073 0.000000
800 33.523569 50.836235 0.000000
801 33.610353 50.214705 0.000000
802 33.698165 49.585484 0.000000
803 33.787003 48.948570 0.000000
804 33.876868 48.303964 0.000000
805 33.967761 47.651666 0.000000
806 34.059680 46.991676 0.000000
807 34.152627 46.323994 0.000000
808 34.246600 45.648620 0.000000
809 34.341601 44.965555 0.000000
810 34.437629 44.274797 0.000000
811 34.534683 43.576347 0.000000
812 34.632765 42.870205 0.000000
813 34.731874 42.156370 0.000000
814 34.832010 41.434844 0.000000
815 34.933172 40.705626 0.000000
816 35.035362 39.968716 0.000000
817 35.138579 39.224114 0.000000
818 35.242823 38.471820 0.000000
819 35.348094 37.711834 0.000000
820 35.454392 36.944155 0.000000
821 35.561716 36.168793 0.000000
822 35.670055 35.385828 0.000000
823 35.779353 34.595675 0.000000
824 35.889445 33.799573 0.000000
825 36.000000 33.000000 0.000000
826 34.677419 55.559140 0.000000
827 34.778206 55.004626 0.000000
828 34.861710 54.441169 0.000000
829 34.938629 53.870063 0.000000
830 35.014309 53.291953 0.000000
831 35.090536 52.707055 0.000000
832 35.167665 52.115412 0.000000
833 35.245729 51.517028 0.000000
834 35.324728 50.911903 0.000000
835 35.404662 50.300037 0.000000
836 35.485531 49.681430 0.000000
837 35.567334 49.056081 0.000000
838 35.650073 48.423992 0.000000
839 35.733746 47.785161 0.000000
840 35.818355 47.139589 0.000000
841 35.903898 46.487277 0.000000
842 35.990376 45.828223 0.000000
843 36.077789 45.162428 0.000000
844 36.166137 44.489892 0.000000
845 36.255420 43.810615 0.000000
846 36.345637 43.124597 0.000000
847 36.436790 42.431837 0.000000
848 36.528878 41.732337 0.000000
849 36.621900 41.026095 0.000000
850 36.715857 40.313113 0.000000
851 36.810749 39.593389 0.000000
852 36.906577 38.866924 0.000000
853 37.003339 38.133718 0.000000
854 37.101035 37.393778 0.000000
855 37.199654 36.647176 0.000000
856 37.299147 35.894273 0.000000
857 37.399363 35.136157 0.000000
858 37.500000 34.375000 0.000000
859 36.483871 56.161290 0.000000
860 36.576590 55.616954 0.000000
861 36.651979 55.064105 0.000000
862 36.720702 54.504345 0.000000
863 36.788093 53.938472 0.000000
864 36.855927 53.366755 0.000000
865 36.924560 52.789245 0.000000
866 36.994026 52.205949 0.000000
867 37.064324 51.616866 0.000000
868 37.135453 51.021995 0.000000
869 37.207415 50.421338 0.000000
870 37.280208 49.814894 0.000000
871 37.353833 49.202662 0.000000
872 37.428291 48.584644 0.000000
873 37.503580 47.960838 0.000000
874 37.579701 47.331246 0.000000
875 37.656654 46.695867 0.000000
876 37.734439 46.054700 0.000000
877 37.813056 45.407747 0.000000
878 37.892504 44.755007 0.000000
879 37.972785 44.096479 0.000000
880 38.053898 43.432165 0.000000
881 38.135842 42.762064 0.000000
882 38.218619 42.086175 0.000000
883 38.302227 41.404500 0.000000
884 38.386667 40.717038 0.000000
885 38.471939 40.023788 0.000000
886 38.558044 39.324752 0.000000
887 38.644979 38.619934 0.000000
888 38.732736 37.909397 0.000000
889 38.821271 37.193452 0.000000
890 38.910448 36.473032 0.000000
891 39.000000 35.750000 0.000000
892 38.322581 56.774194 0.000000
893 38.406382 56.239652 0.000000
894 38.472802 55.697030 0.000000
895 38.532468 55.148237 0.000000
896 38.590695 54.594227 0.000000
897 38.649253 54.035317 0.000000
898 38.708497 53.471572 0.000000
899 38.768460 52.902998 0.000000
900 38.829140 52.329593 0.000000
901 38.890538 51.751359 0.000000
902 38.952655 51.168295 0.000000
903 39.015490 50.580401 0.000000
904 39.079042 49.987678 0.000000
905 39.143313 49.390124 0.000000
906 39.208302 48.787742 0.000000
907 39.274009 48.180529 0.000000
908 39.340434 47.568486 0.000000
909 39.407578 46.951614 0.000000
910 39.475439 46.329912 0.000000
911 39.544019 45.703381 0.000000
912 39.613316 45.072019 0.000000
913 39.683332 44.435828 0.000000
914 39.754066 43.794807 0.000000
915 39.825518 43.148956 0.000000
916 39.897688 42.498276 0.000000
917 39.970576 41.842766 0.000000
918 40.044183 41.182426 0.000000
919 40.118507 40.517256 0.000000
920 40.193549 39.847262 0.000000
921 40.269300 39.172494 0.000000
922 40.345723 38.493212 0.000000
923 40.422700 37.810196 0.000000
924 40.500000 37.125000 0.000000
925 40.193548 57.397849 0.000000
926 40.267552 56.872711 0.000000
927 40.324149 56.339935 0.000000
928 40.373897 55.801732 0.000000
929 40.422088 55.259208 0.000000
930 40.470488 54.712735 0.000000
931 40.519449 54.162385 0.000000
932 40.569004 53.608166 0.000000
933 40.619152 53.050078 0.000000
934 40.669893 52.488121 0.000000
935 40.721228 51.922294 0.000000
936 40.773157 51.352598 0.000000
937 40.825679 50.779032 0.000000
938 40.878794 50.201597 0.000000
939 40.932503 49.620293 0.000000
940 40.986805 49.035120 0.000000
941 41.041701 48.446077 0.000000
942 41.097190 47.853165 0.000000
943 41.153273 47.256383 0.000000
944 41.209949 46.655732 0.000000
945 41.267219 46.051212 0.000000
946 41.325082 45.442823 0.000000
947 41.383539 44.830564 0.000000
948 41.442589 44.214436 0.000000
949 41.502232 43.594438 0.000000
950 41.562469 42.970571 0.000000
951 41.623300 42.342835 0.000000
952 41.684724 41.711230 0.000000
953 41.746740 41.075759 0.000000
954 41.809344 40.436464 0.000000
955 41.872501 39.793553 0.000000
956 41.936117 39.147649 0.000000
957 42.000000 38.500000 0.000000
958 42.096774 58.032258 0.000000
959 42.159888 57.516060 0.000000
960 42.205693 56.992713 0.000000
961 42.244670 56.464724 0.000000
962 42.281963 55.933317 0.000000
963 42.319332 55.398911 0.000000
964 42.357126 54.861592 0.000000
965 42.395378 54.321367 0.000000
966 42.434089 53.778237 0.000000
967 42.473258 53.232201 0.000000
968 42.512884 52.683259 0.000000
969 42.552969 52.131411 0.000000
970 42.593512 51.576657 0.000000
971 42.634513 51.018998 0.000000
972 42.675973 50.458432 0.000000
973 42.717890 49.894961 0.000000
974 42.760265 49.328584 0.000000
975 42.803099 48.759302 0.000000
976 42.846391 48.187113 0.000000
977 42.890140 47.612019 0.000000
978 42.934348 47.034019 0.000000
979 42.979014 46.453113 0.000000
980 43.024138 45.869302 0.000000
981 43.069721 45.282584 0.000000
982 43.115761 44.692961 0.000000
983 43.162259 44.100432 0.000000
984 43.209216 43.504997 0.000000
985 43.256631 42.906657 0.000000
986 43.304503 42.305413 0.000000
987 43.352828 41.701298 0.000000
988 43.401581 41.094467 0.000000
989 43.450687 40.485389 0.000000
990 43.500000 39.875000 0.000000
991 44.032258 58.677419 0.000000
992 44.082335 58.169353 0.000000
993 44.115982 57.654889 0.000000
994 44.143191 57.136699 0.000000
995 44.168772 56.616056 0.000000
996 44.194283 56.093371 0.000000
997 44.220074 55.568738 0.000000
998 44.246179 55.042165 0.000000
999 44.272596 54.513653 0.000000
1000 44.299326 53.983202 0.000000
1001 44.326368 53.450811 0.000000
1002 44.353723 52.916481 0.000000
1003 44.381390 52.380212 0.000000
1004 44.409371 51.842003 0.000000
1005 44.437663 51.301856 0.000000
1006 44.466269 50.759769 0.000000
1007 44.495187 50.215742 0.000000
1008 44.524418 49.669777 0.000000
1009 44.553961 49.121872 0.000000
1010 44.583817 48.572027 0.000000
1011 44.613986 48.020244 0.000000
1012 44.644467 47.466521 0.000000
1013 44.675261 46.910859 0.000000
1014 44.706367 46.353257 0.000000
1015 44.737786 45.793716 0.000000
1016 44.769518 45.232236 0.000000
1017 44.801562 44.668817 0.000000
1018 44.833919 44.103458 0.000000
1019 44.866589 43.536162 0.000000
1020 44.899567 42.966949 0.000000
1021 44.932837 42.395924 0.000000
1022 44.966348 41.823400 0.000000
1023 45.000000 41.250000 0.000000
1024 46.000000 59.333333 0.000000
1025 46.031719 58.831550 0.000000
1026 46.050531 58.325002 0.000000
1027 46.064803 57.816150 0.000000
1028 46.077869 57.305939 0.000000
1029 46.090840 56.794686 0.000000
1030 46.103937 56.282453 0.000000
1031 46.117194 55.769249 0.000000
1032 46.130609 55.255075 0.000000
1033 46.144183 54.739930 0.000000
1034 46.157915 54.223815 0.000000
1035 46.171807 53.706730 0.000000
1036 46.185857 53.188675 0.000000
1037 46.200066 52.669649 0.000000
1038 46.214434 52.149652 0.000000
1039 46.228960 51.628686 0.000000
1040 46.243645 51.106749 0.000000
1041 46.258489 50.583841 0.000000
1042 46.273492 50.059963 0.000000
1043 46.288654 49.535115 0.000000
1044 46.303974 49.009297 0.000000
1045 46.319453 48.482508 0.000000
1046 46.335091 47.954749 0.000000
1047 46.350887 47.426019 0.000000
1048 46.366842 46.896319 0.000000
1049 46.382956 46.365649 0.000000
1050 46.399229 45.834008 0.000000
1051 46.415661 45.301397 0.000000
1052 46.432251 44.767817 0.000000
1053 46.448998 44.233277 0.000000
1054 46.465893 43.697831 0.000000
1055 46.482911 43.161634 0.000000
1056 46.500000 42.625000 0.000000
1057 48.000000 60.000000 0.000000
1058 48.000000 59.500000 0.000000
1059 48.000000 59.000000 0.000000
1060 48.000000 58.500000 0.000000
1061 48.000000 58.000000 0.000000
1062 48.000000 57.500000 0.000000
1063 48.000000 57.000000 0.000000
1064 48.000000 56.500000 0.000000
1065 48.000000 56.000000 0.000000
1066 48.000000 55.500000 0.000000
1067 48.000000 55.000000 0.000000
1068 48.000000 54.500000 0.000000
1069 48.000000 54.000000 0.000000
1070 48.000000 53.500000 0.000000
1071 48.000000 53.000000 0.000000
1072 48.000000 52.500000 0.000000
1073 48.000000 52.000000 0.000000
1074 48.000000 51.500000 0.000000
1075 48.000000 51.000000 0.000000
1076 48.000000 50.500000 0.000000
1077 48.000000 50.000000 0.000000
1078 48.000000 49.500000 0.000000
1079 48.000000 49.000000 0.000000
1080 48.000000 48.500000 0.000000
1081 48.000000 48.000000 0.000000
1082 48.000000 47.500000 0.000000
1083 48.000000 47.000000 0.000000
1084 48.000000 46.500000 0.000000
1085 48.000000 46.000000 0.000000
1086 48.000000 45.500000 0.000000
1087 48.000000 45.000000 0.000000
1088 48.000000 44.500000 0.000000
1089 48.000000 44.000000 0.000000

%NODE.SUPPORT
19
1 1 1 0 0 0 0
4 1 1 0 0 0 0
5 1 1 0 0 0 0
6 1 1 0 0 0 0
7 1 1 0 0 0 0
10 1 1 0 0 0 0
11 1 1 0 0 0 0
13 1 1 0 0 0 0
17 1 1 0 0 0 0
18 1 1 0 0 0 0
19 1 1 0 0 0 0
20 1 1 0 0 0 0
21 1 1 0 0 0 0
24 1 1 0 0 0 0
26 1 1 0 0 0 0
27 1 1 0 0 0 0
28 1 1 0 0 0 0
29 1 1 0 0 0 0
33 1 1 0 0 0 0

%MATERIAL
1

%MATERIAL.LABEL
1
1 'M1'

%MATERIAL.ISOTROPIC
1
1 206000.0 0.300000

%THICKNESS
1
1 1.000000

%INTEGRATION.ORDER
4
1 1 1 1 1 1 1
2 3 3 1 3 3 1
3 1 1 1 1 1 1
4 2 2 1 2 2 1

%ELEMENT
1024

%ELEMENT.Q4
1024
1 1 1 3 1 2 35 34
2 1 1 3 2 3 36 35
3 1 1 3 3 4 37 36
4 1 1 3 4 5 38 37
5 1 1 3 5 6 39 38
6 1 1 3 6 7 40 39
7 1 1 3 7 8 41 40
8 1 1 3 8 9 42 41
9 1 1 3 9 10 43 42
10 1 1 3 10 11 44 43
11 1 1 3 11 12 45 44
12 1 1 3 12 13 46 45
13 1 1 3 13 14 47 46
14 1 1 3 14 15 48 47
15 1 1 3 15 16 49 48
16 1 1 3 16 17 50 49
17 1 1 3 17 18 51 50
18 1 1 3 18 19 52 51
19 1 1 3 19 20 53 52
20 1 1 3 20 21 54 53
21 1 1 3 21 22 55 54
22 1 1 3 22 23 56 55
23 1 1 3 23 24 57 56
24 1 1 3 24 25 58 57
25 1 1 3 25 26 59 58
26 1 1 3 26 27 60 59
27 1 1 3 27 28 61 60
28 1 1 3 28 29 62 61
29 1 1 3 29 30 63 62
30 1 1 3 30 31 64 63
31 1 1 3 31 32 65 64
32 1 1 3 32 33 66 65
33 1 1 3 34 35 68 67
34 1 1 3 35 36 69 68
35 1 1 3 36 37 70 69
36 1 1 3 37 38 71 70
37 1 1 3 38 39 72 71
38 1 1 3 39 40 73 72
39 1 1 3 40 41 74 73
40 1 1 3 41 42 75 74
41 1 1 3 42 43 76 75
42 1 1 3 43 44 77 76
43 1 1 3 44 45 78 77
44 1 1 3 45 46 79 78
45 1 1 3 46 47 80 79
46 1 1 3 47 48 81 80
47 1 1 3 48 49 82 81
48 1 1 3 49 50 83 82
49 1 1 3 50 51 84 83
50 1 1 3 51 52 85 84
51 1 1 3 52 53 86 85
52 1 1 3 53 54 87 86
53 1 1 3 54 55 88 87
54 1 1 3 55 56 89 88
55 1 1 3 56 57 90 89
56 1 1 3 57 58 91 90
57 1 1 3 58 59 92 91
58 1 1 3 59 60 93 92
59 1 1 3 60 61 94 93
60 1 1 3 61 62 95 94
61 1 1 3 62 63 96 95
62 1 1 3 63 64 97 96
63 1 1 3 64 65 98 97
64 1 1 3 65 66 99 98
65 1 1 3 67 68 101 100
66 1 1 3 68 69 102 101
67 1 1 3 69 70 103 102
68 1 1 3 70 71 104 103
69 1 1 3 71 72 105 104
70 1 1 3 72 73 106 105
71 1 1 3 73 74 107 106
72 1 1 3 74 75 108 107
73 1 1 3 75 76 109 108
74 1 1 3 76 77 110 109
75 1 1 3 77 78 111 110
76 1 1 3 78 79 112 111
77 1 1 3 79 80 113 112
78 1 1 3 80 81 114 113
79 1 1 3 81 82 115 114
80 1 1 3 82 83 116 115
81 1 1 3 83 84 117 116
82 1 1 3 84 85 118 117
83 1 1 3 85 86 119 118
84 1 1 3 86 87 120 119
85 1 1 3 87 88 121 120
86 1 1 3 88 89 122 121
87 1 1 3 89 90 123 122
88 1 1 3 90 91 124 123
89 1 1 3 91 92 125 124
90 1 1 3 92 93 126 125
91 1 1 3 93 94 127 126
92 1 1 3 94 95 128 127
93 1 1 3 95 96 129 128
94 1 1 3 96 97 130 129
95 1 1 3 97 98 131 130
96 1 1 3 98 99 132 131
97 1 1 3 100 101 134 133
98 1 1 3 101 102 135 134
99 1 1 3 102 103 136 135
100 1 1 3 103 104 137 136
101 1 1 3 104 105 138 137
102 1 1 3 105 106 139 138
103 1 1 3 106 107 140 139
104 1 1 3 107 108 141 140
105 1 1 3 108 109 142 141
106 1 1 3 109 110 143 142
107 1 1 3 110 111 144 143
108 1 1 3 111 112 145 144
109 1 1 3 112 113 146 145
110 1 1 3 113 114 147 146
111 1 1 3 114 115 148 147
112 1 1 3 115 116 149 148
113 1 1 3 116 117 150 149
114 1 1 3 117 118 151 150
115 1 1 3 118 119 152 151
116 1 1 3 119 120 153 152
117 1 1 3 120 121 154 153
118 1 1 3 121 122 155 154
119 1 1 3 122 123 156 155
120 1 1 3 123 124 157 156
121 1 1 3 124 125 158 157
122 1 1 3 125 126 159 158
123 1 1 3 126 127 160 159
124 1 1 3 127 128 161 160
125 1 1 3 128 129 162 161
126 1 1 3 129 130 163 162
127 1 1 3 130 131 164 163
128 1 1 3 131 132 165 164
129 1 1 3 133 134 167 166
130 1 1 3 134 135 168 167
131 1 1 3 135 136 169 168
132 1 1 3 136 137 170 169
133 1 1 3 137 138 171 170
134 1 1 3 138 139 172 171
135 1 1 3 139 140 173 172
136 1 1 3 140 141 174 173
137 1 1 3 141 142 175 174
138 1 1 3 142 143 176 175
139 1 1 3 143 144 177 176
140 1 1 3 144 145 178 177
141 1 1 3 145 146 179 178
142 1 1 3 146 147 180 179
143 1 1 3 147 148 181 180
144 1 1 3 148 149 182 181
145 1 1 3 149 150 183 182
146 1 1 3 150 151 184 183
147 1 1 3 151 152 185 184
148 1 1 3 152 153 186 185
149 1 1 3 153 154 187 186
150 1 1 3 154 155 188 187
151 1 1 3 155 156 189 188
152 1 1 3 156 157 190 189
153 1 1 3 157 158 191 190
154 1 1 3 158 159 192 191
155 1 1 3 159 160 193 192
156 1 1 3 160 161 194 193
157 1 1 3 161 162 195 194
158 1 1 3 162 163 196 195
159 1 1 3 163 164 197 196
160 1 1 3 164 165 198 197
161 1 1 3 166 167 200 199
162 1 1 3 167 168 201 200
163 1 1 3 168 169 202 201
164 1 1 3 169 170 203 202
165 1 1 3 170 171 204 203
166 1 1 3 171 172 205 204
167 1 1 3 172 173 206 205
168 1 1 3 173 174 207 206
169 1 1 3 174 175 208 207
170 1 1 3 175 176 209 208
171 1 1 3 176 177 210 209
172 1 1 3 177 178 211 210
173 1 1 3 178 179 212 211
174 1 1 3 179 180 213 212
175 1 1 3 180 181 214 213
176 1 1 3 181 182 215 214
177 1 1 3 182 183 216 215
178 1 1 3 183 184 217 216
179 1 1 3 184 185 218 217
180 1 1 3 185 186 219 218
181 1 1 3 186 187 220 219
182 1 1 3 187 188 221 220
183 1 1 3 188 189 222 221
184 1 1 3 189 190 223 222
185 1 1 3 190 191 224 223
186 1 1 3 191 192 225 224
187 1 1 3 192 193 226 225
188 1 1 3 193 194 227 226
189 1 1 3 194 195 228 227
190 1 1 3 195 196 229 228
191 1 1 3 196 197 230 229
192 1 1 3 197 198 231 230
193 1 1 3 199 200 233 232
194 1 1 3 200 201 234 233
195 1 1 3 201 202 235 234
196 1 1 3 202 203 236 235
197 1 1 3 203 204 237 236
198 1 1 3 204 205 238 237
199 1 1 3 205 206 239 238
200 1 1 3 206 207 240 239
201 1 1 3 207 208 241 240
202 1 1 3 208 209 242 241
203 1 1 3 209 210 243 242
204 1 1 3 210 211 244 243
205 1 1 3 211 212 245 244
206 1 1 3 212 213 246 245
207 1 1 3 213 214 247 246
208 1 1 3 214 215 248 247
209 1 1 3 215 216 249 248
210 1 1 3 216 217 250 249
211 1 1 3 217 218 251 250
212 1 1 3 218 219 252 251
213 1 1 3 219 220 253 252
214 1 1 3 220 221 254 253
215 1 1 3 221 222 255 254
216 1 1 3 222 223 256 255
217 1 1 3 223 224 257 256
218 1 1 3 224 225 258 257
219 1 1 3 225 226 259 258
220 1 1 3 226 227 260 259
221 1 1 3 227 228 261 260
222 1 1 3 228 229 262 261
223 1 1 3 229 230 263 262
224 1 1 3 230 231 264 263
225 1 1 3 232 233 266 265
226 1 1 3 233 234 267 266
227 1 1 3 234 235 268 267
228 1 1 3 235 236 269 268
229 1 1 3 236 237 270 269
230 1 1 3 237 238 271 270
231 1 1 3 238 239 272 271
232 1 1 3 239 240 273 272
233 1 1 3 240 241 274 273
234 1 1 3 241 242 275 274
235 1 1 3 242 243 276 275
236 1 1 3 243 244 277 276
237 1 1 3 244 245 278 277
238 1 1 3 245 246 279 278
239 1 1 3 246 247 280 279
240 1 1 3 247 248 281 280
241 1 1 3 248 249 282 281
242 1 1 3 249 250 283 282
243 1 1 3 250 251 284 283
244 1 1 3 251 252 285 284
245 1 1 3 252 253 286 285
246 1 1 3 253 254 287 286
247 1 1 3 254 255 288 287
248 1 1 3 255 256 289 288
249 1 1 3 256 257 290 289
250 1 1 3 257 258 291 290
251 1 1 3 258 259 292 291
252 1 1 3 259 260 293 292
253 1 1 3 260 261 294 293
254 1 1 3 261 262 295 294
255 1 1 3 262 263 296 295
256 1 1 3 263 264 297 296
257 1 1 3 265 266 299 298
258 1 1 3 266 267 300 299
259 1 1 3 267 268 301 300
260 1 1 3 268 269 302 301
261 1 1 3 269 270 303 302
262 1 1 3 270 271 304 303
263 1 1 3 271 272 305 304
264 1 1 3 272 273 306 305
265 1 1 3 273 274 307 306
266 1 1 3 274 275 308 307
267 1 1 3 275 276 309 308
268 1 1 3 276 277 310 309
269 1 1 3 277 278 311 310
270 1 1 3 278 279 312 311
271 1 1 3 279 280 313 312
272 1 1 3 280 281 314 313
273 1 1 3 281 282 315 314
274 1 1 3 282 283 316 315
275 1 1 3 283 284 317 316
276 1 1 3 284 285 318 317
277 1 1 3 285 286 319 318
278 1 1 3 286 287 320 319
279 1 1 3 287 288 321 320
280 1 1 3 288 289 322 321
281 1 1 3 289 290 323 322
282 1 1 3 290 291 324 323
283 1 1 3 291 292 325 324
284 1 1 3 292 293 326 325
285 1 1 3 293 294 327 326
286 1 1 3 294 295 328 327
287 1 1 3 295 296 329 328
288 1 1 3 296 297 330 329
289 1 1 3 298 299 332 331
290 1 1 3 299 300 333 332
291 1 1 3 300 301 334 333
292 1 1 3 301 302 335 334
293 1 1 3 302 303 336 335
294 1 1 3 303 304 337 336
295 1 1 3 304 305 338 337
296 1 1 3 305 306 339 338
297 1 1 3 306 307 340 339
298 1 1 3 307 308 341 340
299 1 1 3 308 309 342 341
300 1 1 3 309 310 343 342
301 1 1 3 310 311 344 343
302 1 1 3 311 312 345 344
303 1 1 3 312 313 346 345
304 1 1 3 313 314 347 346
305 1 1 3 314 315 348 347
306 1 1 3 315 316 349 348
307 1 1 3 316 317 350 349
308 1 1 3 317 318 351 350
309 1 1 3 318 319 352 351
310 1 1 3 319 320 353 352
311 1 1 3 320 321 354 353
312 1 1 3 321 322 355 354
313 1 1 3 322 323 356 355
314 1 1 3 323 324 357 356
315 1 1 3 324 325 358 357
316 1 1 3 325 326 359 358
317 1 1 3 326 327 360 359
318 1 1 3 327 328 361 360
319 1 1 3 328 329 362 361
320 1 1 3 329 330 363 362
321 1 1 3 331 332 365 364
322 1 1 3 332 333 366 365
323 1 1 3 333 334 367 366
324 1 1 3 334 335 368 367
325 1 1 3 335 336 369 368
326 1 1 3 336 337 370 369
327 1 1 3 337 338 371 370
328 1 1 3 338 339 372 371
329 1 1 3 339 340 373 372
330 1 1 3 340 341 374 373
331 1 1 3 341 342 375 374
332 1 1 3 342 343 376 375
333 1 1 3 343 344 377 376
334 1 1 3 344 345 378 377
335 1 1 3 345 346 379 378
336 1 1 3 346 347 380 379
337 1 1 3 347 348 381 380
338 1 1 3 348 349 382 381
339 1 1 3 349 350 383 382
340 1 1 3 350 351 384 383
341 1 1 3 351 352 385 384
342 1 1 3 352 353 386 385
343 1 1 3 353 354 387 386
344 1 1 3 354 355 388 387
345 1 1 3 355 356 389 388
346 1 1 3 356 357 390 389
347 1 1 3 357 358 391 390
348 1 1 3 358 359 392 391
349 1 1 3 359 360 393 392
350 1 1 3 360 361 394 393
351 1 1 3 361 362 395 394
352 1 1 3 362 363 396 395
353 1 1 3 364 365 398 397
354 1 1 3 365 366 399 398
355 1 1 3 366 367 400 399
356 1 1 3 367 368 401 400
357 1 1 3 368 369 402 401
358 1 1 3 369 370 403 402
359 1 1 3 370 371 404 403
360 1 1 3 371 372 405 404
361 1 1 3 372 373 406 405
362 1 1 3 373 374 407 406
363 1 1 3 374 375 408 407
364 1 1 3 375 376 409 408
365 1 1 3 376 377 410 409
366 1 1 3 377 378 411 410
367 1 1 3 378 379 412 411
368 1 1 3 379 380 413 412
369 1 1 3 380 381 414 413
370 1 1 3 381 382 415 414
371 1 1 3 382 383 416 415
372 1 1 3 383 384 417 416
373 1 1 3 384 385 418 417
374 1 1 3 385 386 419 418
375 1 1 3 386 387 420 419
376 1 1 3 387 388 421 420
377 1 1 3 388 389 422 421
378 1 1 3 389 390 423 422
379 1 1 3 390 391 424 423
380 1 1 3 391 392 425 424
381 1 1 3 392 393 426 425
382 1 1 3 393 394 427 426
383 1 1 3 394 395 428 427
384 1 1 3 395 396 429 428
385 1 1 3 397 398 431 430
386 1 1 3 398 399 432 431
387 1 1 3 399 400 433 432
388 1 1 3 400 401 434 433
389 1 1 3 401 402 435 434
390 1 1 3 402 403 436 435
391 1 1 3 403 404 437 436
392 1 1 3 404 405 438 437
393 1 1 3 405 406 439 438
394 1 1 3 406 407 440 439
395 1 1 3 407 408 441 440
396 1 1 3 408 409 442 441
397 1 1 3 409 410 443 442
398 1 1 3 410 411 444 443
399 1 1 3 411 412 445 444
400 1 1 3 412 413 446 445
401 1 1 3 413 414 447 446
402 1 1 3 414 415 448 447
403 1 1 3 415 416 449 448
404 1 1 3 416 417 450 449
405 1 1 3 417 418 451 450
406 1 1 3 418 419 452 451
407 1 1 3 419 420 453 452
408 1 1 3 420 421 454 453
409 1 1 3 421 422 455 454
410 1 1 3 422 423 456 455
411 1 1 3 423 424 457 456
412 1 1 3 424 425 458 457
413 1 1 3 425 426 459 458
414 1 1 3 426 427 460 459
415 1 1 3 427 428 461 460
416 1 1 3 428 429 462 461
417 1 1 3 430 431 464 463
418 1 1 3 431 432 465 464
419 1 1 3 432 433 466 465
420 1 1 3 433 434 467 466
421 1 1 3 434 435 468 467
422 1 1 3 435 436 469 468
423 1 1 3 436 437 470 469
424 1 1 3 437 438 471 470
425 1 1 3 438 439 472 471
426 1 1 3 439 440 473 472
427 1 1 3 440 441 474 473
428 1 1 3 441 442 475 474
429 1 1 3 442 443 476 475
430 1 1 3 443 444 477 476
431 1 1 3 444 445 478 477
432 1 1 3 445 446 479 478
433 1 1 3 446 447 480 479
434 1 1 3 447 448 481 480
435 1 1 3 448 449 482 481
436 1 1 3 449 450 483 482
437 1 1 3 450 451 484 483
438 1 1 3 451 452 485 484
439 1 1 3 452 453 486 485
440 1 1 3 453 454 487 486
441 1 1 3 454 455 488 487
442 1 1 3 455 456 489 488
443 1 1 3 456 457 490 489
444 1 1 3 457 458 491 490
445 1 1 3 458 459 492 491
446 1 1 3 459 460 493 492
447 1 1 3 460 461 494 493
448 1 1 3 461 462 495 494
449 1 1 3 463 464 497 496
450 1 1 3 464 465 498 497
451 1 1 3 465 466 499 498
452 1 1 3 466 467 500 499
453 1 1 3 467 468 501 500
454 1 1 3 468 469 502 501
455 1 1 3 469 470 503 502
456 1 1 3 470 471 504 503
457 1 1 3 471 472 505 504
458 1 1 3 472 473 506 505
459 1 1 3 473 474 507 506
460 1 1 3 474 475 508 507
461 1 1 3 475 476 509 508
462 1 1 3 476 477 510 509
463 1 1 3 477 478 511 510
464 1 1 3 478 479 512 511
465 1 1 3 479 480 513 512
466 1 1 3 480 481 514 513
467 1 1 3 481 482 515 514
468 1 1 3 482 483 516 515
469 1 1 3 483 484 517 516
470 1 1 3 484 485 518 517
471 1 1 3 485 486 519 518
472 1 1 3 486 487 520 519
473 1 1 3 487 488 521 520
474 1 1 3 488 489 522 521
475 1 1 3 489 490 523 522
476 1 1 3 490 491 524 523
477 1 1 3 491 492 525 524
478 1 1 3 492 493 526 525
479 1 1 3 493 494 527 526
480 1 1 3 494 495 528 527
481 1 1 3 496 497 530 529
482 1 1 3 497 498 531 530
483 1 1 3 498 499 532 531
484 1 1 3 499 500 533 532
485 1 1 3 500 501 534 533
486 1 1 3 501 502 535 534
487 1 1 3 502 503 536 535
488 1 1 3 503 504 537 536
489 1 1 3 504 505 538 537
490 1 1 3 505 506 539 538
491 1 1 3 506 507 540 539
492 1 1 3 507 508 541 540
493 1 1 3 508 509 542 541
494 1 1 3 509 510 543 542
495 1 1 3 510 511 544 543
496 1 1 3 511 512 545 544
497 1 1 3 512 513 546 545
498 1 1 3 513 514 547 546
499 1 1 3 514 515 548 547
500 1 1 3 515 516 549 548
501 1 1 3 516 517 550 549
502 1 1 3 517 518 551 550
503 1 1 3 518 519 552 551
504 1 1 3 519 520 553 552
505 1 1 3 520 521 554 553
506 1 1 3 521 522 555 554
507 1 1 3 522 523 556 555
508 1 1 3 523 524 557 556
509 1 1 3 524 525 558 557
510 1 1 3 525 526 559 558
511 1 1 3 526 527 560 559
512 1 1 3 527 528 561 560
513 1 1 3 529 530 563 562
514 1 1 3 530 531 564 563
515 1 1 3 531 532 565 564
516 1 1 3 532 533 566 565
517 1 1 3 533 534 567 566
518 1 1 3 534 535 568 567
519 1 1 3 535 536 569 568
520 1 1 3 536 537 570 569
521 1 1 3 537 538 571 570
522 1 1 3 538 539 572 571
523 1 1 3 539 540 573 572
524 1 1 3 540 541 574 573
525 1 1 3 541 542 575 574
526 1 1 3 542 543 576 575
527 1 1 3 543 544 577 576
528 1 1 3 544 545 578 577
529 1 1 3 545 546 579 578
530 1 1 3 546 547 580 579
531 1 1 3 547 548 581 580
532 1 1 3 548 549 582 581
533 1 1 3 549 550 583 582
534 1 1 3 550 551 584 583
535 1 1 3 551 552 585 584
536 1 1 3 552 553 586 585
537 1 1 3 553 554 587 586
538 1 1 3 554 555 588 587
539 1 1 3 555 556 589 588
540 1 1 3 556 557 590 589
541 1 1 3 557 558 591 590
542 1 1 3 558 559 592 591
543 1 1 3 559 560 593 592
544 1 1 3 560 561 594 593
545 1 1 3 562 563 596 595
546 1 1 3 563 564 597 596
547 1 1 3 564 565 598 597
548 1 1 3 565 566 599 598
549 1 1 3 566 567 600 599
550 1 1 3 567 568 601 600
551 1 1 3 568 569 602 601
552 1 1 3 569 570 603 602
553 1 1 3 570 571 604 603
554 1 1 3 571 572 605 604
555 1 1 3 572 573 606 605
556 1 1 3 573 574 607 606
557 1 1 3 574 575 608 607
558 1 1 3 575 576 609 608
559 1 1 3 576 577 610 609
560 1 1 3 577 578 611 610
561 1 1 3 578 579 612 611
562 1 1 3 579 580 613 612
563 1 1 3 580 581 614 613
564 1 1 3 581 582 615 614
565 1 1 3 582 583 616 615
566 1 1 3 583 584 617 616
567 1 1 3 584 585 618 617
568 1 1 3 585 586 619 618
569 1 1 3 586 587 620 619
570 1 1 3 587 588 621 620
571 1 1 3 588 589 622 621
572 1 1 3 589 590 623 622
573 1 1 3 590 591 624 623
574 1 1 3 591 592 625 624
575 1 1 3 592 593 626 625
576 1 1 3 593 594 627 626
577 1 1 3 595 596 629 628
578 1 1 3 596 597 630 629
579 1 1 3 597 598 631 630
580 1 1 3 598 599 632 631
581 1 1 3 599 600 633 632
582 1 1 3 600 601 634 633
583 1 1 3 601 602 635 634
584 1 1 3 602 603 636 635
585 1 1 3 603 604 637 636
586 1 1 3 604 605 638 637
587 1 1 3 605 606 639 638
588 1 1 3 606 607 640 639
589 1 1 3 607 608 641 640
590 1 1 3 608 609 642 641
591 1 1 3 609 610 643 642
592 1 1 3 610 611 644 643
593 1 1 3 611 612 645 644
594 1 1 3 612 613 646 645
595 1 1 3 613 614 647 646
596 1 1 3 614 615 648 647
597 1 1 3 615 616 649 648
598 1 1 3 616 617 650 649
599 1 1 3 617 618 651 650
600 1 1 3 618 619 652 651
601 1 1 3 619 620 653 652
602 1 1 3 620 621 654 653
603 1 1 3 621 622 655 654
604 1 1 3 622 623 656 655
605 1 1 3 623 624 657 656
606 1 1 3 624 625 658 657
607 1 1 3 625 626 659 658
608 1 1 3 626 627 660 659
609 1 1 3 628 629 662 661
610 1 1 3 629 630 663 662
611 1 1 3 630 631 664 663
612 1 1 3 631 632 665 664
613 1 1 3 632 633 666 665
614 1 1 3 633 634 667 666
615 1 1 3 634 635 668 667
616 1 1 3 635 636 669 668
617 1 1 3 636 637 670 669
618 1 1 3 637 638 671 670
619 1 1 3 638 639 672 671
620 1 1 3 639 640 673 672
621 1 1 3 640 641 674 673
622 1 1 3 641 642 675 674
623 1 1 3 642 643 676 675
624 1 1 3 643 644 677 676
625 1 1 3 644 645 678 677
626 1 1 3 645 646 679 678
627 1 1 3 646 647 680 679
628 1 1 3 647 648 681 680
629 1 1 3 648 649 682 681
630 1 1 3 649 650 683 682
631 1 1 3 650 651 684 683
632 1 1 3 651 652 685 684
633 1 1 3 652 653 686 685
634 1 1 3 653 654 687 686
635 1 1 3 654 655 688 687
636 1 1 3 655 656 689 688
637 1 1 3 656 657 690 689
638 1 1 3 657 658 691 690
639 1 1 3 658 659 692 691
640 1 1 3 659 660 693 692
641 1 1 3 661 662 695 694
642 1 1 3 662 663 696 695
643 1 1 3 663 664 697 696
644 1 1 3 664 665 698 697
645 1 1 3 665 666 699 698
646 1 1 3 666 667 700 699
647 1 1 3 667 668 701 700
648 1 1 3 668 669 702 701
649 1 1 3 669 670 703 702
650 1 1 3 670 671 704 703
651 1 1 3 671 672 705 704
652 1 1 3 672 673 706 705
653 1 1 3 673 674 707 706
654 1 1 3 674 675 708 707
655 1 1 3 675 676 709 708
656 1 1 3 676 677 710 709
657 1 1 3 677 678 711 710
658 1 1 3 678 679 712 711
659 1 1 3 679 680 713 712
660 1 1 3 680 681 714 713
661 1 1 3 681 682 715 714
662 1 1 3 682 683 716 715
663 1 1 3 683 684 717 716
664 1 1 3 684 685 718 717
665 1 1 3 685 686 719 718
666 1 1 3 686 687 720 719
667 1 1 3 687 688 721 720
668 1 1 3 688 689 722 721
669 1 1 3 689 690 723 722
670 1 1 3 690 691 724 723
671 1 1 3 691 692 725 724
672 1 1 3 692 693 726 725
673 1 1 3 694 695 728 727
674 1 1 3 695 696 729 728
675 1 1 3 696 697 730 729
676 1 1 3 697 698 731 730
677 1 1 3 698 699 732 731
678 1 1 3 699 700 733 732
679 1 1 3 700 701 734 733
680 1 1 3 701 702 735 734
681 1 1 3 702 703 736 735
682 1 1 3 703 704 737 736
683 1 1 3 704 705 738 737
684 1 1 3 705 706 739 738
685 1 1 3 706 707 740 739
686 1 1 3 707 708 741 740
687 1 1 3 708 709 742 741
688 1 1 3 709 710 743 742
689 1 1 3 710 711 744 743
690 1 1 3 711 712 745 744
691 1 1 3 712 713 746 745
692 1 1 3 713 714 747 746
693 1 1 3 714 715 748 747
694 1 1 3 715 716 749 748
695 1 1 3 716 717 750 749
696 1 1 3 717 718 751 750
697 1 1 3 718 719 752 751
698 1 1 3 719 720 753 752
699 1 1 3 720 721 754 753
700 1 1 3 721 722 755 754
701 1 1 3 722 723 756 755
702 1 1 3 723 724 757 756
703 1 1 3 724 725 758 757
704 1 1 3 725 726 759 758
705 1 1 3 727 728 761 760
706 1 1 3 728 729 762 761
707 1 1 3 729 730 763 762
708 1 1 3 730 731 764 763
709 1 1 3 731 732 765 764
710 1 1 3 732 733 766 765
711 1 1 3 733 734 767 766
712 1 1 3 734 735 768 767
713 1 1 3 735 736 769 768
714 1 1 3 736 737 770 769
715 1 1 3 737 738 771 770
716 1 1 3 738 739 772 771
717 1 1 3 739 740 773 772
718 1 1 3 740 741 774 773
719 1 1 3 741 742 775 774
720 1 1 3 742 743 776 775
721 1 1 3 743 744 777 776
722 1 1 3 744 745 778 777
723 1 1 3 745 746 779 778
724 1 1 3 746 747 780 779
725 1 1 3 747 748 781 780
726 1 1 3 748 749 782 781
727 1 1 3 749 750 783 782
728 1 1 3 750 751 784 783
729 1 1 3 751 752 785 784
730 1 1 3 752 753 786 785
731 1 1 3 753 754 787 786
732 1 1 3 754 755 788 787
733 1 1 3 755 756 789 788
734 1 1 3 756 757 790 789
735 1 1 3 757 758 791 790
736 1 1 3 758 759 792 791
737 1 1 3 760 761 794 793
738 1 1 3 761 762 795 794
739 1 1 3 762 763 796 795
740 1 1 3 763 764 797 796
741 1 1 3 764 765 798 797
742 1 1 3 765 766 799 798
743 1 1 3 766 767 800 799
744 1 1 3 767 768 801 800
745 1 1 3 768 769 802 801
746 1 1 3 769 770 803 802
747 1 1 3 770 771 804 803
748 1 1 3 771 772 805 804
749 1 1 3 772 773 806 805
750 1 1 3 773 774 807 806
751 1 1 3 774 775 808 807
752 1 1 3 775 776 809 808
753 1 1 3 776 777 810 809
754 1 1 3 777 778 811 810
755 1 1 3 778 779 812 811
756 1 1 3 779 780 813 812
757 1 1 3 780 781 814 813
758 1 1 3 781 782 815 814
759 1 1 3 782 783 816 815
760 1 1 3 783 784 817 816
761 1 1 3 784 785 818 817
762 1 1 3 785 786 819 818
763 1 1 3 786 787 820 819
764 1 1 3 787 788 821 820
765 1 1 3 788 789 822 821
766 1 1 3 789 790 823 822
767 1 1 3 790 791 824 823
768 1 1 3 791 792 825 824
769 1 1 3 793 794 827 826
770 1 1 3 794 795 828 827
771 1 1 3 795 796 829 828
772 1 1 3 796 797 830 829
773 1 1 3 797 798 831 830
774 1 1 3 798 799 832 831
775 1 1 3 799 800 833 832
776 1 1 3 800 801 834 833
777 1 1 3 801 802 835 834
778 1 1 3 802 803 836 835
779 1 1 3 803 804 837 836
780 1 1 3 804 805 838 837
781 1 1 3 805 806 839 838
782 1 1 3 806 807 840 839
783 1 1 3 807 808 841 840
784 1 1 3 808 809 842 841
785 1 1 3 809 810 843 842
786 1 1 3 810 811 844 843
787 1 1 3 811 812 845 844
788 1 1 3 812 813 846 845
789 1 1 3 813 814 847 846
790 1 1 3 814 815 848 847
791 1 1 3 815 816 849 848
792 1 1 3 816 817 850 849
793 1 1 3 817 818 851 850
794 1 1 3 818 819 852 851
795 1 1 3 819 820 853 852
796 1 1 3 820 821 854 853
797 1 1 3 821 822 855 854
798 1 1 3 822 823 856 855
799 1 1 3 823 824 857 856
800 1 1 3 824 825 858 857
801 1 1 3 826 827 860 859
802 1 1 3 827 828 861 860
803 1 1 3 828 829 862 861
804 1 1 3 829 830 863 862
805 1 1 3 830 831 864 863
806 1 1 3 831 832 865 864
807 1 1 3 832 833 866 865
808 1 1 3 833 834 867 866
809 1 1 3 834 835 868 867
810 1 1 3 835 836 869 868
811 1 1 3 836 837 870 869
812 1 1 3 837 838 871 870
813 1 1 3 838 839 872 871
814 1 1 3 839 840 873 872
815 1 1 3 840 841 874 873
816 1 1 3 841 842 875 874
817 1 1 3 842 843 876 875
818 1 1 3 843 844 877 876
819 1 1 3 844 845 878 877
820 1 1 3 845 846 879 878
821 1 1 3 846 847 880 879
822 1 1 3 847 848 881 880
823 1 1 3 848 849 882 881
824 1 1 3 849 850 883 882
825 1 1 3 850 851 884 883
826 1 1 3 851 852 885 884
827 1 1 3 852 853 886 885
828 1 1 3 853 854 887 886
829 1 1 3 854 855 888 887
830 1 1 3 855 856 889 888
831 1 1 3 856 857 890 889
832 1 1 3 857 858 891 890
833 1 1 3 859 860 893 892
834 1 1 3 860 861 894 893
835 1 1 3 861 862 895 894
836 1 1 3 862 863 896 895
837 1 1 3 863 864 897 896
838 1 1 3 864 865 898 897
839 1 1 3 865 866 899 898
840 1 1 3 866 867 900 899
841 1 1 3 867 868 901 900
842 1 1 3 868 869 902 901
843 1 1 3 869 870 903 902
844 1 1 3 870 871 904 903
845 1 1 3 871 872 905 904
846 1 1 3 872 873 906 905
847 1 1 3 873 874 907 906
848 1 1 3 874 875 908 907
849 1 1 3 875 876 909 908
850 1 1 3 876 877 910 909
851 1 1 3 877 878 911 910
852 1 1 3 878 879 912 911
853 1 1 3 879 880 913 912
854 1 1 3 880 881 914 913
855 1 1 3 881 882 915 914
856 1 1 3 882 883 916 915
857 1 1 3 883 884 917 916
858 1 1 3 884 885 918 917
859 1 1 3 885 886 919 918
860 1 1 3 886 887 920 919
861 1 1 3 887 888 921 920
862 1 1 3 888 889 922 921
863 1 1 3 889 890 923 922
864 1 1 3 890 891 924 923
865 1 1 3 892 893 926 925
866 1 1 3 893 894 927 926
867 1 1 3 894 895 928 927
868 1 1 3 895 896 929 928
869 1 1 3 896 897 930 929
870 1 1 3 897 898 931 930
871 1 1 3 898 899 932 931
872 1 1 3 899 900 933 932
873 1 1 3 900 901 934 933
874 1 1 3 901 902 935 934
875 1 1 3 902 903 936 935
876 1 1 3 903 904 937 936
877 1 1 3 904 905 938 937
878 1 1 3 905 906 939 938
879 1 1 3 906 907 940 939
880 1 1 3 907 908 941 940
881 1 1 3 908 909 942 941
882 1 1 3 909 910 943 942
883 1 1 3 910 911 944 943
884 1 1 3 911 912 945 944
885 1 1 3 912 913 946 945
886 1 1 3 913 914 947 946
887 1 1 3 914 915 948 947
888 1 1 3 915 916 949 948
889 1 1 3 916 917 950 949
890 1 1 3 917 918 951 950
891 1 1 3 918 919 952 951
892 1 1 3 919 920 953 952
893 1 1 3 920 921 954 953
894 1 1 3 921 922 955 954
895 1 1 3 922 923 956 955
896 1 1 3 923 924 957 956
897 1 1 3 925 926 959 958
898 1 1 3 926 927 960 959
899 1 1 3 927 928 961 960
900 1 1 3 928 929 962 961
901 1 1 3 929 930 963 962
902 1 1 3 930 931 964 963
903 1 1 3 931 932 965 964
904 1 1 3 932 933 966 965
905 1 1 3 933 934 967 966
906 1 1 3 934 935 968 967
907 1 1 3 935 936 969 968
908 1 1 3 936 937 970 969
909 1 1 3 937 938 971 970
910 1 1 3 938 939 972 971
911 1 1 3 939 940 973 972
912 1 1 3 940 941 974 973
913 1 1 3 941 942 975 974
914 1 1 3 942 943 976 975
915 1 1 3 943 944 977 976
916 1 1 3 944 945 978 977
917 1 1 3 945 946 979 978
918 1 1 3 946 947 980 979
919 1 1 3 947 948 981 980
920 1 1 3 948 949 982 981
921 1 1 3 949 950 983 982
922 1 1 3 950 951 984 983
923 1 1 3 951 952 985 984
924 1 1 3 952 953 986 985
925 1 1 3 953 954 987 986
926 1 1 3 954 955 988 987
927 1 1 3 955 956 989 988
928 1 1 3 956 957 990 989
929 1 1 3 958 959 992 991
930 1 1 3 959 960 993 992
931 1 1 3 960 961 994 993
932 1 1 3 961 962 995 994
933 1 1 3 962 963 996 995
934 1 1 3 963 964 997 996
935 1 1 3 964 965 998 997
936 1 1 3 965 966 999 998
937 1 1 3 966 967 1000 999
938 1 1 3 967 968 1001 1000
939 1 1 3 968 969 1002 1001
940 1 1 3 969 970 1003 1002
941 1 1 3 970 971 1004 1003
942 1 1 3 971 972 1005 1004
943 1 1 3 972 973 1006 1005
944 1 1 3 973 974 1007 1006
945 1 1 3 974 975 1008 1007
946 1 1 3 975 976 1009 1008
947 1 1 3 976 977 1010 1009
948 1 1 3 977 978 1011 1010
949 1 1 3 978 979 1012 1011
950 1 1 3 979 980 1013 1012
951 1 1 3 980 981 1014 1013
952 1 1 3 981 982 1015 1014
953 1 1 3 982 983 1016 1015
954 1 1 3 983 984 1017 1016
955 1 1 3 984 985 1018 1017
956 1 1 3 985 986 1019 1018
957 1 1 3 986 987 1020 1019
958 1 1 3 987 988 1021 1020
959 1 1 3 988 989 1022 1021
960 1 1 3 989 990 1023 1022
961 1 1 3 991 992 1025 1024
962 1 1 3 992 993 1026 1025
963 1 1 3 993 994 1027 1026
964 1 1 3 994 995 1028 1027
965 1 1 3 995 996 1029 1028
966 1 1 3 996 997 1030 1029
967 1 1 3 997 998 1031 1030
968 1 1 3 998 999 1032 1031
969 1 1 3 999 1000 1033 1032
970 1 1 3 1000 1001 1034 1033
971 1 1 3 1001 1002 1035 1034
972 1 1 3 1002 1003 1036 1035
973 1 1 3 1003 1004 1037 1036
974 1 1 3 1004 1005 1038 1037
975 1 1 3 1005 1006 1039 1038
976 1 1 3 1006 1007 1040 1039
977 1 1 3 1007 1008 1041 1040
978 1 1 3 1008 1009 1042 1041
979 1 1 3 1009 1010 1043 1042
980 1 1 3 1010 1011 1044 1043
981 1 1 3 1011 1012 1045 1044
982 1 1 3 1012 1013 1046 1045
983 1 1 3 1013 1014 1047 1046
984 1 1 3 1014 1015 1048 1047
985 1 1 3 1015 1016 1049 1048
986 1 1 3 1016 1017 1050 1049
987 1 1 3 1017 1018 1051 1050
988 1 1 3 1018 1019 1052 1051
989 1 1 3 1019 1020 1053 1052
990 1 1 3 1020 1021 1054 1053
991 1 1 3 1021 1022 1055 1054
992 1 1 3 1022 1023 1056 1055
993 1 1 3 1024 1025 1058 1057
994 1 1 3 1025 1026 1059 1058
995 1 1 3 1026 1027 1060 1059
996 1 1 3 1027 1028 1061 1060
997 1 1 3 1028 1029 1062 1061
998 1 1 3 1029 1030 1063 1062
999 1 1 3 1030 1031 1064 1063
1000 1 1 3 1031 1032 1065 1064
1001 1 1 3 1032 1033 1066 1065
1002 1 1 3 1033 1034 1067 1066
1003 1 1 3 1034 1035 1068 1067
1004 1 1 3 1035 1036 1069 1068
1005 1 1 3 1036 1037 1070 1069
1006 1 1 3 1037 1038 1071 1070
1007 1 1 3 1038 1039 1072 1071
1008 1 1 3 1039 1040 1073 1072
1009 1 1 3 1040 1041 1074 1073
1010 1 1 3 1041 1042 1075 1074
1011 1 1 3 1042 1043 1076 1075
1012 1 1 3 1043 1044 1077 1076
1013 1 1 3 1044 1045 1078 1077
1014 1 1 3 1045 1046 1079 1078
1015 1 1 3 1046 1047 1080 1079
1016 1 1 3 1047 1048 1081 1080
1017 1 1 3 1048 1049 1082 1081
1018 1 1 3 1049 1050 1083 1082
1019 1 1 3 1050 1051 1084 1083
1020 1 1 3 1051 1052 1085 1084
1021 1 1 3 1052 1053 1086 1085
1022 1 1 3 1053 1054 1087 1086
1023 1 1 3 1054 1055 1088 1087
1024 1 1 3 1055 1056 1089 1088

%LOAD
1
1	'Load_Case_1'

%LOAD.CASE
1

%LOAD.CASE.LINE.FORCE.UNIFORM
32
993	1057	1058	0	0.000000	150.000000	0.000000
994	1058	1059	0	0.000000	150.000000	0.000000
995	1059	1060	0	0.000000	150.000000	0.000000
996	1060	1061	0	0.000000	150.000000	0.000000
997	1061	1062	0	0.000000	150.000000	0.000000
998	1062	1063	0	0.000000	150.000000	0.000000
999	1063	1064	0	0.000000	150.000000	0.000000
1000	1064	1065	0	0.000000	150.000000	0.000000
1001	1065	1066	0	0.000000	150.000000	0.000000
1002	1066	1067	0	0.000000	150.000000	0.000000
1003	1067	1068	0	0.000000	150.000000	0.000000
1004	1068	1069	0	0.000000	150.000000	0.000000
1005	1069	1070	0	0.000000	150.000000	0.000000
1006	1070	1071	0	0.000000	150.000000	0.000000
1007	1071	1072	0	0.000000	150.000000	0.000000
1008	1072	1073	0	0.000000	150.000000	0.000000
1009	1073	1074	0	0.000000	150.000000	0.000000
1010	1074	1075	0	0.000000	150.000000	0.000000
1011	1075	1076	0	0.000000	150.000000	0.000000
1012	1076	1077	0	0.000000	150.000000	0.000000
1013	1077	1078	0	0.000000	150.000000	0.000000
1014	1078	1079	0	0.000000	150.000000	0.000000
1015	1079	1080	0	0.000000	150.000000	0.000000
1016	1080	1081	0	0.000000	150.000000	0.000000
1017	1081	1082	0	0.000000	150.000000	0.000000
1018	1082	1083	0	0.000000	150.000000	0.000000
1019	1083	1084	0	0.000000	150.000000	0.000000
1020	1084	1085	0	0.000000	150.000000	0.000000
1021	1085	1086	0	0.000000	150.000000	0.000000
1022	1086	1087	0	0.000000	150.000000	0.000000
1023	1087	1088	0	0.000000	150.000000	0.000000
1024	1088	1089	0	0.000000	150.000000	0.000000

%END