%HEADER
Output file created by FEMEP (version October/2021).
'File created by FEMEP program'

%HEADER.ANALYSIS
'plane_stress'

%NODE
25

%NODE.COORD
25
1 0.000000 44.000000 0.000000
2 0.000000 33.000000 0.000000
3 0.000000 22.000000 0.000000
4 0.000000 11.000000 0.000000
5 0.000000 0.000000 0.000000
6 12.000000 48.000000 0.000000
7 12.000000 38.750000 0.000000
8 12.000000 29.500000 0.000000
9 12.000000 20.250000 0.000000
10 12.000000 11.000000 0.000000
11 24.000000 52.000000 0.000000
12 24.000000 44.500000 0.000000
13 24.000000 37.000000 0.000000
14 24.000000 29.500000 0.000000
15 24.000000 22.000000 0.000000
16 36.000000 56.000000 0.000000
17 36.000000 50.250000 0.000000
18 36.000000 44.500000 0.000000
19 36.000000 38.750000 0.000000
20 36.000000 33.000000 0.000000
21 48.000000 60.000000 0.000000
22 48.000000 56.000000 0.000000
23 48.000000 52.000000 0.000000
24 48.000000 48.000000 0.000000
25 48.000000 44.000000 0.000000

%NODE.SUPPORT
5
1 1 1 0 0 0 0
2 1 1 0 0 0 0
3 1 1 0 0 0 0
4 1 1 0 0 0 0
5 1 1 0 0 0 0

%MATERIAL
1

%MATERIAL.LABEL
1
1 'M1'

%MATERIAL.ISOTROPIC
1
1 206000.0 0.300000

%THICKNESS
1
1 1.000000

%INTEGRATION.ORDER
4
1 1 1 1 1 1 1
2 3 3 1 3 3 1
3 1 1 1 1 1 1
4 2 2 1 2 2 1

%ELEMENT
16

%ELEMENT.Q4
16
1 1 1 3 1 2 7 6
2 1 1 3 2 3 8 7
3 1 1 3 3 4 9 8
4 1 1 3 4 5 10 9
5 1 1 3 6 7 12 11
6 1 1 3 7 8 13 12
7 1 1 3 8 9 14 13
8 1 1 3 9 10 15 14
9 1 1 3 11 12 17 16
10 1 1 3 12 13 18 17
11 1 1 3 13 14 19 18
12 1 1 3 14 15 20 19
13 1 1 3 16 17 22 21
14 1 1 3 17 18 23 22
15 1 1 3 18 19 24 23
16 1 1 3 19 20 25 24

%LOAD
1
1	'Load_Case_1'

%LOAD.CASE
1

%LOAD.CASE.LINE.FORCE.UNIFORM
4
13	21	22	0	0.000000	200.000000	0.000000
14	22	23	0	0.000000	200.000000	0.000000
15	23	24	0	0.000000	200.000000	0.000000
16	24	25	0	0.000000	200.000000	0.000000

%END